NumberDevice UserId Block NumberClicks NumberCircles DistanceCenter PixelStartCircleX PixelStartCircleY PixelEndCircleX PixelEndCircleY DistanceStartEndCircles TargerWidth ElapsedTime DistanceFirstLastPixel MouseX MouseY
0 0 0 1 16 300 800 150 800 750 600.0 50 639 52.839379254491625 773 694
0 0 0 1 16 300 800 150 800 750 600.0 50 639 52.839379254491625 774 695
0 0 0 1 16 300 800 150 800 750 600.0 50 639 52.839379254491625 774 695
0 0 0 1 16 300 800 150 800 750 600.0 50 639 52.839379254491625 776 698
0 0 0 1 16 300 800 150 800 750 600.0 50 639 52.839379254491625 776 698
0 0 0 1 16 300 800 150 800 750 600.0 50 639 52.839379254491625 778 700
0 0 0 1 16 300 800 150 800 750 600.0 50 639 52.839379254491625 778 700
0 0 0 1 16 300 800 150 800 750 600.0 50 639 52.839379254491625 778 700
0 0 0 1 16 300 800 150 800 750 600.0 50 639 52.839379254491625 780 702
0 0 0 1 16 300 800 150 800 750 600.0 50 639 52.839379254491625 780 703
0 0 0 1 16 300 800 150 800 750 600.0 50 639 52.839379254491625 780 703
0 0 0 1 16 300 800 150 800 750 600.0 50 639 52.839379254491625 781 705
0 0 0 1 16 300 800 150 800 750 600.0 50 639 52.839379254491625 781 705
0 0 0 1 16 300 800 150 800 750 600.0 50 639 52.839379254491625 781 705
0 0 0 1 16 300 800 150 800 750 600.0 50 639 52.839379254491625 782 707
0 0 0 1 16 300 800 150 800 750 600.0 50 639 52.839379254491625 782 707
0 0 0 1 16 300 800 150 800 750 600.0 50 639 52.839379254491625 784 709
0 0 0 1 16 300 800 150 800 750 600.0 50 639 52.839379254491625 784 709
0 0 0 1 16 300 800 150 800 750 600.0 50 639 52.839379254491625 785 712
0 0 0 1 16 300 800 150 800 750 600.0 50 639 52.839379254491625 785 713
0 0 0 1 16 300 800 150 800 750 600.0 50 639 52.839379254491625 785 713
0 0 0 1 16 300 800 150 800 750 600.0 50 639 52.839379254491625 785 713
0 0 0 1 16 300 800 150 800 750 600.0 50 639 52.839379254491625 786 715
0 0 0 1 16 300 800 150 800 750 600.0 50 639 52.839379254491625 786 715
0 0 0 1 16 300 800 150 800 750 600.0 50 639 52.839379254491625 787 717
0 0 0 1 16 300 800 150 800 750 600.0 50 639 52.839379254491625 787 717
0 0 0 1 16 300 800 150 800 750 600.0 50 639 52.839379254491625 789 719
0 0 0 1 16 300 800 150 800 750 600.0 50 639 52.839379254491625 790 720
0 0 0 1 16 300 800 150 800 750 600.0 50 639 52.839379254491625 790 720
0 0 0 1 16 300 800 150 800 750 600.0 50 639 52.839379254491625 792 723
0 0 0 1 16 300 800 150 800 750 600.0 50 639 52.839379254491625 792 723
0 0 0 1 16 300 800 150 800 750 600.0 50 639 52.839379254491625 793 724
0 0 0 1 16 300 800 150 800 750 600.0 50 639 52.839379254491625 793 724
0 0 0 1 16 300 800 150 800 750 600.0 50 639 52.839379254491625 794 726
0 0 0 1 16 300 800 150 800 750 600.0 50 639 52.839379254491625 794 726
0 0 0 1 16 300 800 150 800 750 600.0 50 639 52.839379254491625 794 728
0 0 0 1 16 300 800 150 800 750 600.0 50 639 52.839379254491625 794 728
0 0 0 1 16 300 800 150 800 750 600.0 50 639 52.839379254491625 796 729
0 0 0 1 16 300 800 150 800 750 600.0 50 639 52.839379254491625 796 729
0 0 0 1 16 300 800 150 800 750 600.0 50 639 52.839379254491625 797 732
0 0 0 1 16 300 800 150 800 750 600.0 50 639 52.839379254491625 797 732
0 0 0 1 16 300 800 150 800 750 600.0 50 639 52.839379254491625 798 735
0 0 0 1 16 300 800 150 800 750 600.0 50 639 52.839379254491625 798 735
0 0 0 1 16 300 800 150 800 750 600.0 50 639 52.839379254491625 798 737
0 0 0 1 16 300 800 150 800 750 600.0 50 639 52.839379254491625 798 738
0 0 0 1 16 300 800 150 800 750 600.0 50 639 52.839379254491625 798 738
0 0 0 1 16 300 800 150 800 750 600.0 50 639 52.839379254491625 799 739
0 0 0 1 16 300 800 150 800 750 600.0 50 639 52.839379254491625 799 740
0 0 0 1 16 300 800 750 914 172 589.1349590713489 50 839 481.2494155840607 805 625
0 0 0 1 16 300 800 750 914 172 589.1349590713489 50 839 481.2494155840607 805 625
0 0 0 1 16 300 800 750 914 172 589.1349590713489 50 839 481.2494155840607 805 625
0 0 0 1 16 300 800 750 914 172 589.1349590713489 50 839 481.2494155840607 809 558
0 0 0 1 16 300 800 750 914 172 589.1349590713489 50 839 481.2494155840607 809 558
0 0 0 1 16 300 800 750 914 172 589.1349590713489 50 839 481.2494155840607 809 558
0 0 0 1 16 300 800 750 914 172 589.1349590713489 50 839 481.2494155840607 814 521
0 0 0 1 16 300 800 750 914 172 589.1349590713489 50 839 481.2494155840607 814 521
0 0 0 1 16 300 800 750 914 172 589.1349590713489 50 839 481.2494155840607 821 476
0 0 0 1 16 300 800 750 914 172 589.1349590713489 50 839 481.2494155840607 821 476
0 0 0 1 16 300 800 750 914 172 589.1349590713489 50 839 481.2494155840607 821 476
0 0 0 1 16 300 800 750 914 172 589.1349590713489 50 839 481.2494155840607 832 421
0 0 0 1 16 300 800 750 914 172 589.1349590713489 50 839 481.2494155840607 832 421
0 0 0 1 16 300 800 750 914 172 589.1349590713489 50 839 481.2494155840607 838 399
0 0 0 1 16 300 800 750 914 172 589.1349590713489 50 839 481.2494155840607 838 399
0 0 0 1 16 300 800 750 914 172 589.1349590713489 50 839 481.2494155840607 838 399
0 0 0 1 16 300 800 750 914 172 589.1349590713489 50 839 481.2494155840607 853 354
0 0 0 1 16 300 800 750 914 172 589.1349590713489 50 839 481.2494155840607 853 354
0 0 0 1 16 300 800 750 914 172 589.1349590713489 50 839 481.2494155840607 853 354
0 0 0 1 16 300 800 750 914 172 589.1349590713489 50 839 481.2494155840607 864 328
0 0 0 1 16 300 800 750 914 172 589.1349590713489 50 839 481.2494155840607 864 328
0 0 0 1 16 300 800 750 914 172 589.1349590713489 50 839 481.2494155840607 864 328
0 0 0 1 16 300 800 750 914 172 589.1349590713489 50 839 481.2494155840607 869 317
0 0 0 1 16 300 800 750 914 172 589.1349590713489 50 839 481.2494155840607 869 317
0 0 0 1 16 300 800 750 914 172 589.1349590713489 50 839 481.2494155840607 872 308
0 0 0 1 16 300 800 750 914 172 589.1349590713489 50 839 481.2494155840607 872 308
0 0 0 1 16 300 800 750 914 172 589.1349590713489 50 839 481.2494155840607 877 298
0 0 0 1 16 300 800 750 914 172 589.1349590713489 50 839 481.2494155840607 877 298
0 0 0 1 16 300 800 750 914 172 589.1349590713489 50 839 481.2494155840607 877 298
0 0 0 1 16 300 800 750 914 172 589.1349590713489 50 839 481.2494155840607 881 291
0 0 0 1 16 300 800 750 914 172 589.1349590713489 50 839 481.2494155840607 881 291
0 0 0 1 16 300 800 750 914 172 589.1349590713489 50 839 481.2494155840607 881 291
0 0 0 1 16 300 800 750 914 172 589.1349590713489 50 839 481.2494155840607 887 281
0 0 0 1 16 300 800 750 914 172 589.1349590713489 50 839 481.2494155840607 887 281
0 0 0 1 16 300 800 750 914 172 589.1349590713489 50 839 481.2494155840607 890 277
0 0 0 1 16 300 800 750 914 172 589.1349590713489 50 839 481.2494155840607 890 277
0 0 0 1 16 300 800 750 914 172 589.1349590713489 50 839 481.2494155840607 893 272
0 0 0 1 16 300 800 750 914 172 589.1349590713489 50 839 481.2494155840607 893 272
0 0 0 1 16 300 800 750 914 172 589.1349590713489 50 839 481.2494155840607 895 269
0 0 0 1 16 300 800 750 914 172 589.1349590713489 50 839 481.2494155840607 895 269
0 0 0 1 16 300 800 750 914 172 589.1349590713489 50 839 481.2494155840607 897 267
0 0 0 1 16 300 800 750 914 172 589.1349590713489 50 839 481.2494155840607 897 267
0 0 0 1 16 300 800 750 914 172 589.1349590713489 50 839 481.2494155840607 898 266
0 0 0 1 16 300 800 750 914 172 589.1349590713489 50 839 481.2494155840607 898 265
0 0 0 1 16 300 800 750 914 172 589.1349590713489 50 839 481.2494155840607 899 265
0 0 0 1 16 300 800 750 914 172 589.1349590713489 50 839 481.2494155840607 899 265
0 0 0 1 16 300 800 750 914 172 589.1349590713489 50 839 481.2494155840607 900 263
0 0 0 1 16 300 800 750 914 172 589.1349590713489 50 839 481.2494155840607 900 263
0 0 0 1 16 300 800 750 914 172 589.1349590713489 50 839 481.2494155840607 900 263
0 0 0 1 16 300 800 750 914 172 589.1349590713489 50 839 481.2494155840607 901 258
0 0 0 1 16 300 800 750 914 172 589.1349590713489 50 839 481.2494155840607 901 258
0 0 0 1 16 300 800 750 914 172 589.1349590713489 50 839 481.2494155840607 904 253
0 0 0 1 16 300 800 750 914 172 589.1349590713489 50 839 481.2494155840607 904 253
0 0 0 1 16 300 800 750 914 172 589.1349590713489 50 839 481.2494155840607 904 253
0 0 0 1 16 300 800 750 914 172 589.1349590713489 50 839 481.2494155840607 908 240
0 0 0 1 16 300 800 750 914 172 589.1349590713489 50 839 481.2494155840607 908 240
0 0 0 1 16 300 800 750 914 172 589.1349590713489 50 839 481.2494155840607 908 240
0 0 0 1 16 300 800 750 914 172 589.1349590713489 50 839 481.2494155840607 911 230
0 0 0 1 16 300 800 750 914 172 589.1349590713489 50 839 481.2494155840607 911 230
0 0 0 1 16 300 800 750 914 172 589.1349590713489 50 839 481.2494155840607 912 219
0 0 0 1 16 300 800 750 914 172 589.1349590713489 50 839 481.2494155840607 912 219
0 0 0 1 16 300 800 750 914 172 589.1349590713489 50 839 481.2494155840607 912 219
0 0 0 1 16 300 800 750 914 172 589.1349590713489 50 839 481.2494155840607 916 200
0 0 0 1 16 300 800 750 914 172 589.1349590713489 50 839 481.2494155840607 916 200
0 0 0 1 16 300 800 750 914 172 589.1349590713489 50 839 481.2494155840607 916 200
0 0 0 1 16 300 800 750 914 172 589.1349590713489 50 839 481.2494155840607 921 180
0 0 0 1 16 300 800 750 914 172 589.1349590713489 50 839 481.2494155840607 921 180
0 0 0 1 16 300 800 750 914 172 589.1349590713489 50 839 481.2494155840607 924 174
0 0 0 1 16 300 800 750 914 172 589.1349590713489 50 839 481.2494155840607 924 174
0 0 0 1 16 300 800 750 914 172 589.1349590713489 50 839 481.2494155840607 926 166
0 0 0 1 16 300 800 750 914 172 589.1349590713489 50 839 481.2494155840607 926 166
0 0 0 1 16 300 800 750 914 172 589.1349590713489 50 839 481.2494155840607 926 166
0 0 0 1 16 300 800 750 914 172 589.1349590713489 50 839 481.2494155840607 928 162
0 0 0 1 16 300 800 750 914 172 589.1349590713489 50 839 481.2494155840607 928 162
0 0 0 1 16 300 800 750 914 172 589.1349590713489 50 839 481.2494155840607 928 160
0 0 0 1 16 300 800 750 914 172 589.1349590713489 50 839 481.2494155840607 929 160
0 0 0 1 16 300 914 172 685 727 600.3882077456219 50 675 549.0072859261523 899 213
0 0 0 1 16 300 914 172 685 727 600.3882077456219 50 675 549.0072859261523 887 235
0 0 0 1 16 300 914 172 685 727 600.3882077456219 50 675 549.0072859261523 887 235
0 0 0 1 16 300 914 172 685 727 600.3882077456219 50 675 549.0072859261523 867 274
0 0 0 1 16 300 914 172 685 727 600.3882077456219 50 675 549.0072859261523 867 274
0 0 0 1 16 300 914 172 685 727 600.3882077456219 50 675 549.0072859261523 867 274
0 0 0 1 16 300 914 172 685 727 600.3882077456219 50 675 549.0072859261523 845 313
0 0 0 1 16 300 914 172 685 727 600.3882077456219 50 675 549.0072859261523 845 313
0 0 0 1 16 300 914 172 685 727 600.3882077456219 50 675 549.0072859261523 813 369
0 0 0 1 16 300 914 172 685 727 600.3882077456219 50 675 549.0072859261523 813 369
0 0 0 1 16 300 914 172 685 727 600.3882077456219 50 675 549.0072859261523 813 369
0 0 0 1 16 300 914 172 685 727 600.3882077456219 50 675 549.0072859261523 779 432
0 0 0 1 16 300 914 172 685 727 600.3882077456219 50 675 549.0072859261523 779 432
0 0 0 1 16 300 914 172 685 727 600.3882077456219 50 675 549.0072859261523 779 432
0 0 0 1 16 300 914 172 685 727 600.3882077456219 50 675 549.0072859261523 750 487
0 0 0 1 16 300 914 172 685 727 600.3882077456219 50 675 549.0072859261523 750 487
0 0 0 1 16 300 914 172 685 727 600.3882077456219 50 675 549.0072859261523 738 513
0 0 0 1 16 300 914 172 685 727 600.3882077456219 50 675 549.0072859261523 738 513
0 0 0 1 16 300 914 172 685 727 600.3882077456219 50 675 549.0072859261523 738 513
0 0 0 1 16 300 914 172 685 727 600.3882077456219 50 675 549.0072859261523 715 575
0 0 0 1 16 300 914 172 685 727 600.3882077456219 50 675 549.0072859261523 715 575
0 0 0 1 16 300 914 172 685 727 600.3882077456219 50 675 549.0072859261523 709 592
0 0 0 1 16 300 914 172 685 727 600.3882077456219 50 675 549.0072859261523 709 592
0 0 0 1 16 300 914 172 685 727 600.3882077456219 50 675 549.0072859261523 709 592
0 0 0 1 16 300 914 172 685 727 600.3882077456219 50 675 549.0072859261523 698 625
0 0 0 1 16 300 914 172 685 727 600.3882077456219 50 675 549.0072859261523 698 625
0 0 0 1 16 300 914 172 685 727 600.3882077456219 50 675 549.0072859261523 698 625
0 0 0 1 16 300 914 172 685 727 600.3882077456219 50 675 549.0072859261523 693 643
0 0 0 1 16 300 914 172 685 727 600.3882077456219 50 675 549.0072859261523 693 643
0 0 0 1 16 300 914 172 685 727 600.3882077456219 50 675 549.0072859261523 690 653
0 0 0 1 16 300 914 172 685 727 600.3882077456219 50 675 549.0072859261523 690 653
0 0 0 1 16 300 914 172 685 727 600.3882077456219 50 675 549.0072859261523 690 653
0 0 0 1 16 300 914 172 685 727 600.3882077456219 50 675 549.0072859261523 687 666
0 0 0 1 16 300 914 172 685 727 600.3882077456219 50 675 549.0072859261523 687 666
0 0 0 1 16 300 914 172 685 727 600.3882077456219 50 675 549.0072859261523 687 666
0 0 0 1 16 300 914 172 685 727 600.3882077456219 50 675 549.0072859261523 683 677
0 0 0 1 16 300 914 172 685 727 600.3882077456219 50 675 549.0072859261523 683 677
0 0 0 1 16 300 914 172 685 727 600.3882077456219 50 675 549.0072859261523 683 679
0 0 0 1 16 300 914 172 685 727 600.3882077456219 50 675 549.0072859261523 683 679
0 0 0 1 16 300 914 172 685 727 600.3882077456219 50 675 549.0072859261523 683 679
0 0 0 1 16 300 914 172 685 727 600.3882077456219 50 675 549.0072859261523 681 683
0 0 0 1 16 300 914 172 685 727 600.3882077456219 50 675 549.0072859261523 681 684
0 0 0 1 16 300 914 172 685 727 600.3882077456219 50 675 549.0072859261523 681 685
0 0 0 1 16 300 914 172 685 727 600.3882077456219 50 675 549.0072859261523 680 685
0 0 0 1 16 300 914 172 685 727 600.3882077456219 50 675 549.0072859261523 680 686
0 0 0 1 16 300 914 172 685 727 600.3882077456219 50 675 549.0072859261523 680 686
0 0 0 1 16 300 914 172 685 727 600.3882077456219 50 675 549.0072859261523 679 688
0 0 0 1 16 300 914 172 685 727 600.3882077456219 50 675 549.0072859261523 678 689
0 0 0 1 16 300 914 172 685 727 600.3882077456219 50 675 549.0072859261523 678 689
0 0 0 1 16 300 914 172 685 727 600.3882077456219 50 675 549.0072859261523 678 691
0 0 0 1 16 300 914 172 685 727 600.3882077456219 50 675 549.0072859261523 677 692
0 0 0 1 16 300 914 172 685 727 600.3882077456219 50 675 549.0072859261523 677 693
0 0 0 1 16 300 914 172 685 727 600.3882077456219 50 675 549.0072859261523 677 694
0 0 0 1 16 300 914 172 685 727 600.3882077456219 50 675 549.0072859261523 677 694
0 0 0 1 16 300 914 172 685 727 600.3882077456219 50 675 549.0072859261523 677 694
0 0 0 1 16 300 914 172 685 727 600.3882077456219 50 675 549.0072859261523 677 697
0 0 0 1 16 300 914 172 685 727 600.3882077456219 50 675 549.0072859261523 677 697
0 0 0 1 16 300 914 172 685 727 600.3882077456219 50 675 549.0072859261523 677 697
0 0 0 1 16 300 914 172 685 727 600.3882077456219 50 675 549.0072859261523 677 703
0 0 0 1 16 300 914 172 685 727 600.3882077456219 50 675 549.0072859261523 677 703
0 0 0 1 16 300 914 172 685 727 600.3882077456219 50 675 549.0072859261523 678 707
0 0 0 1 16 300 914 172 685 727 600.3882077456219 50 675 549.0072859261523 678 707
0 0 0 1 16 300 914 172 685 727 600.3882077456219 50 675 549.0072859261523 678 710
0 0 0 1 16 300 914 172 685 727 600.3882077456219 50 675 549.0072859261523 678 710
0 0 0 1 16 300 914 172 685 727 600.3882077456219 50 675 549.0072859261523 679 714
0 0 0 1 16 300 914 172 685 727 600.3882077456219 50 675 549.0072859261523 679 715
0 0 0 1 16 300 914 172 685 727 600.3882077456219 50 675 549.0072859261523 679 716
0 0 0 1 16 300 685 727 1012 237 589.0916736807608 50 921 312.50759990758627 823 473
0 0 0 1 16 300 685 727 1012 237 589.0916736807608 50 921 312.50759990758627 832 462
0 0 0 1 16 300 685 727 1012 237 589.0916736807608 50 921 312.50759990758627 832 462
0 0 0 1 16 300 685 727 1012 237 589.0916736807608 50 921 312.50759990758627 853 438
0 0 0 1 16 300 685 727 1012 237 589.0916736807608 50 921 312.50759990758627 853 438
0 0 0 1 16 300 685 727 1012 237 589.0916736807608 50 921 312.50759990758627 892 392
0 0 0 1 16 300 685 727 1012 237 589.0916736807608 50 921 312.50759990758627 892 392
0 0 0 1 16 300 685 727 1012 237 589.0916736807608 50 921 312.50759990758627 892 392
0 0 0 1 16 300 685 727 1012 237 589.0916736807608 50 921 312.50759990758627 921 358
0 0 0 1 16 300 685 727 1012 237 589.0916736807608 50 921 312.50759990758627 921 358
0 0 0 1 16 300 685 727 1012 237 589.0916736807608 50 921 312.50759990758627 921 358
0 0 0 1 16 300 685 727 1012 237 589.0916736807608 50 921 312.50759990758627 943 334
0 0 0 1 16 300 685 727 1012 237 589.0916736807608 50 921 312.50759990758627 943 334
0 0 0 1 16 300 685 727 1012 237 589.0916736807608 50 921 312.50759990758627 943 334
0 0 0 1 16 300 685 727 1012 237 589.0916736807608 50 921 312.50759990758627 958 319
0 0 0 1 16 300 685 727 1012 237 589.0916736807608 50 921 312.50759990758627 958 319
0 0 0 1 16 300 685 727 1012 237 589.0916736807608 50 921 312.50759990758627 958 319
0 0 0 1 16 300 685 727 1012 237 589.0916736807608 50 921 312.50759990758627 963 314
0 0 0 1 16 300 685 727 1012 237 589.0916736807608 50 921 312.50759990758627 964 313
0 0 0 1 16 300 685 727 1012 237 589.0916736807608 50 921 312.50759990758627 964 313
0 0 0 1 16 300 685 727 1012 237 589.0916736807608 50 921 312.50759990758627 964 313
0 0 0 1 16 300 685 727 1012 237 589.0916736807608 50 921 312.50759990758627 968 310
0 0 0 1 16 300 685 727 1012 237 589.0916736807608 50 921 312.50759990758627 969 309
0 0 0 1 16 300 685 727 1012 237 589.0916736807608 50 921 312.50759990758627 969 309
0 0 0 1 16 300 685 727 1012 237 589.0916736807608 50 921 312.50759990758627 969 309
0 0 0 1 16 300 685 727 1012 237 589.0916736807608 50 921 312.50759990758627 972 307
0 0 0 1 16 300 685 727 1012 237 589.0916736807608 50 921 312.50759990758627 972 307
0 0 0 1 16 300 685 727 1012 237 589.0916736807608 50 921 312.50759990758627 974 305
0 0 0 1 16 300 685 727 1012 237 589.0916736807608 50 921 312.50759990758627 974 305
0 0 0 1 16 300 685 727 1012 237 589.0916736807608 50 921 312.50759990758627 976 303
0 0 0 1 16 300 685 727 1012 237 589.0916736807608 50 921 312.50759990758627 976 303
0 0 0 1 16 300 685 727 1012 237 589.0916736807608 50 921 312.50759990758627 976 303
0 0 0 1 16 300 685 727 1012 237 589.0916736807608 50 921 312.50759990758627 978 298
0 0 0 1 16 300 685 727 1012 237 589.0916736807608 50 921 312.50759990758627 978 298
0 0 0 1 16 300 685 727 1012 237 589.0916736807608 50 921 312.50759990758627 981 290
0 0 0 1 16 300 685 727 1012 237 589.0916736807608 50 921 312.50759990758627 981 290
0 0 0 1 16 300 685 727 1012 237 589.0916736807608 50 921 312.50759990758627 981 290
0 0 0 1 16 300 685 727 1012 237 589.0916736807608 50 921 312.50759990758627 985 281
0 0 0 1 16 300 685 727 1012 237 589.0916736807608 50 921 312.50759990758627 985 281
0 0 0 1 16 300 685 727 1012 237 589.0916736807608 50 921 312.50759990758627 985 281
0 0 0 1 16 300 685 727 1012 237 589.0916736807608 50 921 312.50759990758627 985 274
0 0 0 1 16 300 685 727 1012 237 589.0916736807608 50 921 312.50759990758627 986 273
0 0 0 1 16 300 685 727 1012 237 589.0916736807608 50 921 312.50759990758627 986 273
0 0 0 1 16 300 685 727 1012 237 589.0916736807608 50 921 312.50759990758627 986 273
0 0 0 1 16 300 685 727 1012 237 589.0916736807608 50 921 312.50759990758627 988 266
0 0 0 1 16 300 685 727 1012 237 589.0916736807608 50 921 312.50759990758627 988 266
0 0 0 1 16 300 685 727 1012 237 589.0916736807608 50 921 312.50759990758627 989 262
0 0 0 1 16 300 685 727 1012 237 589.0916736807608 50 921 312.50759990758627 989 262
0 0 0 1 16 300 685 727 1012 237 589.0916736807608 50 921 312.50759990758627 989 262
0 0 0 1 16 300 685 727 1012 237 589.0916736807608 50 921 312.50759990758627 997 245
0 0 0 1 16 300 685 727 1012 237 589.0916736807608 50 921 312.50759990758627 997 245
0 0 0 1 16 300 685 727 1012 237 589.0916736807608 50 921 312.50759990758627 1001 237
0 0 0 1 16 300 685 727 1012 237 589.0916736807608 50 921 312.50759990758627 1001 237
0 0 0 1 16 300 685 727 1012 237 589.0916736807608 50 921 312.50759990758627 1001 237
0 0 0 1 16 300 685 727 1012 237 589.0916736807608 50 921 312.50759990758627 1006 227
0 0 0 1 16 300 685 727 1012 237 589.0916736807608 50 921 312.50759990758627 1006 227
0 0 0 1 16 300 685 727 1012 237 589.0916736807608 50 921 312.50759990758627 1006 227
0 0 0 1 16 300 685 727 1012 237 589.0916736807608 50 921 312.50759990758627 1011 217
0 0 0 1 16 300 685 727 1012 237 589.0916736807608 50 921 312.50759990758627 1011 217
0 0 0 1 16 300 685 727 1012 237 589.0916736807608 50 921 312.50759990758627 1015 212
0 0 0 1 16 300 685 727 1012 237 589.0916736807608 50 921 312.50759990758627 1015 212
0 0 0 1 16 300 685 727 1012 237 589.0916736807608 50 921 312.50759990758627 1015 212
0 0 0 1 16 300 685 727 1012 237 589.0916736807608 50 921 312.50759990758627 1017 209
0 0 0 1 16 300 685 727 1012 237 589.0916736807608 50 921 312.50759990758627 1018 209
0 0 0 1 16 300 685 727 1012 237 589.0916736807608 50 921 312.50759990758627 1018 209
0 0 0 1 16 300 685 727 1012 237 589.0916736807608 50 921 312.50759990758627 1019 208
0 0 0 1 16 300 685 727 1012 237 589.0916736807608 50 921 312.50759990758627 1020 208
0 0 0 1 16 300 685 727 1012 237 589.0916736807608 50 921 312.50759990758627 1021 208
0 0 0 1 16 300 685 727 1012 237 589.0916736807608 50 921 312.50759990758627 1021 208
0 0 0 1 16 300 685 727 1012 237 589.0916736807608 50 921 312.50759990758627 1021 211
0 0 0 1 16 300 685 727 1012 237 589.0916736807608 50 921 312.50759990758627 1021 211
0 0 0 1 16 300 685 727 1012 237 589.0916736807608 50 921 312.50759990758627 1021 214
0 0 0 1 16 300 685 727 1012 237 589.0916736807608 50 921 312.50759990758627 1021 214
0 0 0 1 16 300 685 727 1012 237 589.0916736807608 50 921 312.50759990758627 1021 214
0 0 0 1 16 300 685 727 1012 237 589.0916736807608 50 921 312.50759990758627 1020 217
0 0 0 1 16 300 685 727 1012 237 589.0916736807608 50 921 312.50759990758627 1020 217
0 0 0 1 16 300 685 727 1012 237 589.0916736807608 50 921 312.50759990758627 1019 221
0 0 0 1 16 300 685 727 1012 237 589.0916736807608 50 921 312.50759990758627 1019 221
0 0 0 1 16 300 685 727 1012 237 589.0916736807608 50 921 312.50759990758627 1017 225
0 0 0 1 16 300 685 727 1012 237 589.0916736807608 50 921 312.50759990758627 1017 225
0 0 0 1 16 300 685 727 1012 237 589.0916736807608 50 921 312.50759990758627 1017 227
0 0 0 1 16 300 685 727 1012 237 589.0916736807608 50 921 312.50759990758627 1017 228
0 0 0 1 16 300 1012 237 587 662 601.0407640085654 50 774 494.9828279849716 918 297
0 0 0 1 16 300 1012 237 587 662 601.0407640085654 50 774 494.9828279849716 903 308
0 0 0 1 16 300 1012 237 587 662 601.0407640085654 50 774 494.9828279849716 903 308
0 0 0 1 16 300 1012 237 587 662 601.0407640085654 50 774 494.9828279849716 843 351
0 0 0 1 16 300 1012 237 587 662 601.0407640085654 50 774 494.9828279849716 843 351
0 0 0 1 16 300 1012 237 587 662 601.0407640085654 50 774 494.9828279849716 843 351
0 0 0 1 16 300 1012 237 587 662 601.0407640085654 50 774 494.9828279849716 806 375
0 0 0 1 16 300 1012 237 587 662 601.0407640085654 50 774 494.9828279849716 806 375
0 0 0 1 16 300 1012 237 587 662 601.0407640085654 50 774 494.9828279849716 806 375
0 0 0 1 16 300 1012 237 587 662 601.0407640085654 50 774 494.9828279849716 726 436
0 0 0 1 16 300 1012 237 587 662 601.0407640085654 50 774 494.9828279849716 726 436
0 0 0 1 16 300 1012 237 587 662 601.0407640085654 50 774 494.9828279849716 726 436
0 0 0 1 16 300 1012 237 587 662 601.0407640085654 50 774 494.9828279849716 672 476
0 0 0 1 16 300 1012 237 587 662 601.0407640085654 50 774 494.9828279849716 672 476
0 0 0 1 16 300 1012 237 587 662 601.0407640085654 50 774 494.9828279849716 642 499
0 0 0 1 16 300 1012 237 587 662 601.0407640085654 50 774 494.9828279849716 642 499
0 0 0 1 16 300 1012 237 587 662 601.0407640085654 50 774 494.9828279849716 642 499
0 0 0 1 16 300 1012 237 587 662 601.0407640085654 50 774 494.9828279849716 623 516
0 0 0 1 16 300 1012 237 587 662 601.0407640085654 50 774 494.9828279849716 623 516
0 0 0 1 16 300 1012 237 587 662 601.0407640085654 50 774 494.9828279849716 603 533
0 0 0 1 16 300 1012 237 587 662 601.0407640085654 50 774 494.9828279849716 603 533
0 0 0 1 16 300 1012 237 587 662 601.0407640085654 50 774 494.9828279849716 603 533
0 0 0 1 16 300 1012 237 587 662 601.0407640085654 50 774 494.9828279849716 589 547
0 0 0 1 16 300 1012 237 587 662 601.0407640085654 50 774 494.9828279849716 589 547
0 0 0 1 16 300 1012 237 587 662 601.0407640085654 50 774 494.9828279849716 579 557
0 0 0 1 16 300 1012 237 587 662 601.0407640085654 50 774 494.9828279849716 579 557
0 0 0 1 16 300 1012 237 587 662 601.0407640085654 50 774 494.9828279849716 579 557
0 0 0 1 16 300 1012 237 587 662 601.0407640085654 50 774 494.9828279849716 567 573
0 0 0 1 16 300 1012 237 587 662 601.0407640085654 50 774 494.9828279849716 567 573
0 0 0 1 16 300 1012 237 587 662 601.0407640085654 50 774 494.9828279849716 567 573
0 0 0 1 16 300 1012 237 587 662 601.0407640085654 50 774 494.9828279849716 557 591
0 0 0 1 16 300 1012 237 587 662 601.0407640085654 50 774 494.9828279849716 557 591
0 0 0 1 16 300 1012 237 587 662 601.0407640085654 50 774 494.9828279849716 554 596
0 0 0 1 16 300 1012 237 587 662 601.0407640085654 50 774 494.9828279849716 554 596
0 0 0 1 16 300 1012 237 587 662 601.0407640085654 50 774 494.9828279849716 554 596
0 0 0 1 16 300 1012 237 587 662 601.0407640085654 50 774 494.9828279849716 548 612
0 0 0 1 16 300 1012 237 587 662 601.0407640085654 50 774 494.9828279849716 548 612
0 0 0 1 16 300 1012 237 587 662 601.0407640085654 50 774 494.9828279849716 545 619
0 0 0 1 16 300 1012 237 587 662 601.0407640085654 50 774 494.9828279849716 545 619
0 0 0 1 16 300 1012 237 587 662 601.0407640085654 50 774 494.9828279849716 545 619
0 0 0 1 16 300 1012 237 587 662 601.0407640085654 50 774 494.9828279849716 543 624
0 0 0 1 16 300 1012 237 587 662 601.0407640085654 50 774 494.9828279849716 543 624
0 0 0 1 16 300 1012 237 587 662 601.0407640085654 50 774 494.9828279849716 543 627
0 0 0 1 16 300 1012 237 587 662 601.0407640085654 50 774 494.9828279849716 543 628
0 0 0 1 16 300 1012 237 587 662 601.0407640085654 50 774 494.9828279849716 542 629
0 0 0 1 16 300 1012 237 587 662 601.0407640085654 50 774 494.9828279849716 542 630
0 0 0 1 16 300 1012 237 587 662 601.0407640085654 50 774 494.9828279849716 542 631
0 0 0 1 16 300 1012 237 587 662 601.0407640085654 50 774 494.9828279849716 542 631
0 0 0 1 16 300 1012 237 587 662 601.0407640085654 50 774 494.9828279849716 545 632
0 0 0 1 16 300 1012 237 587 662 601.0407640085654 50 774 494.9828279849716 545 632
0 0 0 1 16 300 1012 237 587 662 601.0407640085654 50 774 494.9828279849716 548 632
0 0 0 1 16 300 1012 237 587 662 601.0407640085654 50 774 494.9828279849716 548 632
0 0 0 1 16 300 1012 237 587 662 601.0407640085654 50 774 494.9828279849716 548 632
0 0 0 1 16 300 1012 237 587 662 601.0407640085654 50 774 494.9828279849716 555 635
0 0 0 1 16 300 1012 237 587 662 601.0407640085654 50 774 494.9828279849716 555 635
0 0 0 1 16 300 1012 237 587 662 601.0407640085654 50 774 494.9828279849716 558 636
0 0 0 1 16 300 1012 237 587 662 601.0407640085654 50 774 494.9828279849716 558 636
0 0 0 1 16 300 1012 237 587 662 601.0407640085654 50 774 494.9828279849716 558 636
0 0 0 1 16 300 1012 237 587 662 601.0407640085654 50 774 494.9828279849716 563 640
0 0 0 1 16 300 1012 237 587 662 601.0407640085654 50 774 494.9828279849716 563 640
0 0 0 1 16 300 1012 237 587 662 601.0407640085654 50 774 494.9828279849716 563 640
0 0 0 1 16 300 1012 237 587 662 601.0407640085654 50 774 494.9828279849716 566 642
0 0 0 1 16 300 1012 237 587 662 601.0407640085654 50 774 494.9828279849716 566 643
0 0 0 1 16 300 1012 237 587 662 601.0407640085654 50 774 494.9828279849716 567 643
0 0 0 1 16 300 1012 237 587 662 601.0407640085654 50 774 494.9828279849716 567 643
0 0 0 1 16 300 1012 237 587 662 601.0407640085654 50 774 494.9828279849716 568 644
0 0 0 1 16 300 1012 237 587 662 601.0407640085654 50 774 494.9828279849716 568 644
0 0 0 1 16 300 1012 237 587 662 601.0407640085654 50 774 494.9828279849716 569 646
0 0 0 1 16 300 1012 237 587 662 601.0407640085654 50 774 494.9828279849716 569 647
0 0 0 1 16 300 1012 237 587 662 601.0407640085654 50 774 494.9828279849716 569 648
0 0 0 1 16 300 1012 237 587 662 601.0407640085654 50 774 494.9828279849716 569 648
0 0 0 1 16 300 1012 237 587 662 601.0407640085654 50 774 494.9828279849716 570 649
0 0 0 1 16 300 587 662 1077 335 589.0916736807608 50 789 608.3066660821662 570 650
0 0 0 1 16 300 587 662 1077 335 589.0916736807608 50 789 608.3066660821662 572 649
0 0 0 1 16 300 587 662 1077 335 589.0916736807608 50 789 608.3066660821662 572 649
0 0 0 1 16 300 587 662 1077 335 589.0916736807608 50 789 608.3066660821662 572 649
0 0 0 1 16 300 587 662 1077 335 589.0916736807608 50 789 608.3066660821662 572 649
0 0 0 1 16 300 587 662 1077 335 589.0916736807608 50 789 608.3066660821662 598 630
0 0 0 1 16 300 587 662 1077 335 589.0916736807608 50 789 608.3066660821662 598 630
0 0 0 1 16 300 587 662 1077 335 589.0916736807608 50 789 608.3066660821662 624 608
0 0 0 1 16 300 587 662 1077 335 589.0916736807608 50 789 608.3066660821662 624 608
0 0 0 1 16 300 587 662 1077 335 589.0916736807608 50 789 608.3066660821662 624 608
0 0 0 1 16 300 587 662 1077 335 589.0916736807608 50 789 608.3066660821662 660 581
0 0 0 1 16 300 587 662 1077 335 589.0916736807608 50 789 608.3066660821662 660 581
0 0 0 1 16 300 587 662 1077 335 589.0916736807608 50 789 608.3066660821662 728 533
0 0 0 1 16 300 587 662 1077 335 589.0916736807608 50 789 608.3066660821662 728 533
0 0 0 1 16 300 587 662 1077 335 589.0916736807608 50 789 608.3066660821662 728 533
0 0 0 1 16 300 587 662 1077 335 589.0916736807608 50 789 608.3066660821662 774 501
0 0 0 1 16 300 587 662 1077 335 589.0916736807608 50 789 608.3066660821662 774 501
0 0 0 1 16 300 587 662 1077 335 589.0916736807608 50 789 608.3066660821662 832 463
0 0 0 1 16 300 587 662 1077 335 589.0916736807608 50 789 608.3066660821662 832 463
0 0 0 1 16 300 587 662 1077 335 589.0916736807608 50 789 608.3066660821662 832 463
0 0 0 1 16 300 587 662 1077 335 589.0916736807608 50 789 608.3066660821662 886 427
0 0 0 1 16 300 587 662 1077 335 589.0916736807608 50 789 608.3066660821662 886 427
0 0 0 1 16 300 587 662 1077 335 589.0916736807608 50 789 608.3066660821662 886 427
0 0 0 1 16 300 587 662 1077 335 589.0916736807608 50 789 608.3066660821662 924 406
0 0 0 1 16 300 587 662 1077 335 589.0916736807608 50 789 608.3066660821662 924 406
0 0 0 1 16 300 587 662 1077 335 589.0916736807608 50 789 608.3066660821662 956 390
0 0 0 1 16 300 587 662 1077 335 589.0916736807608 50 789 608.3066660821662 956 390
0 0 0 1 16 300 587 662 1077 335 589.0916736807608 50 789 608.3066660821662 956 390
0 0 0 1 16 300 587 662 1077 335 589.0916736807608 50 789 608.3066660821662 976 382
0 0 0 1 16 300 587 662 1077 335 589.0916736807608 50 789 608.3066660821662 976 382
0 0 0 1 16 300 587 662 1077 335 589.0916736807608 50 789 608.3066660821662 976 382
0 0 0 1 16 300 587 662 1077 335 589.0916736807608 50 789 608.3066660821662 997 372
0 0 0 1 16 300 587 662 1077 335 589.0916736807608 50 789 608.3066660821662 997 372
0 0 0 1 16 300 587 662 1077 335 589.0916736807608 50 789 608.3066660821662 1005 369
0 0 0 1 16 300 587 662 1077 335 589.0916736807608 50 789 608.3066660821662 1005 369
0 0 0 1 16 300 587 662 1077 335 589.0916736807608 50 789 608.3066660821662 1005 369
0 0 0 1 16 300 587 662 1077 335 589.0916736807608 50 789 608.3066660821662 1013 365
0 0 0 1 16 300 587 662 1077 335 589.0916736807608 50 789 608.3066660821662 1013 365
0 0 0 1 16 300 587 662 1077 335 589.0916736807608 50 789 608.3066660821662 1013 365
0 0 0 1 16 300 587 662 1077 335 589.0916736807608 50 789 608.3066660821662 1016 364
0 0 0 1 16 300 587 662 1077 335 589.0916736807608 50 789 608.3066660821662 1016 364
0 0 0 1 16 300 587 662 1077 335 589.0916736807608 50 789 608.3066660821662 1017 363
0 0 0 1 16 300 587 662 1077 335 589.0916736807608 50 789 608.3066660821662 1017 363
0 0 0 1 16 300 587 662 1077 335 589.0916736807608 50 789 608.3066660821662 1018 362
0 0 0 1 16 300 587 662 1077 335 589.0916736807608 50 789 608.3066660821662 1019 362
0 0 0 1 16 300 587 662 1077 335 589.0916736807608 50 789 608.3066660821662 1019 361
0 0 0 1 16 300 587 662 1077 335 589.0916736807608 50 789 608.3066660821662 1020 361
0 0 0 1 16 300 587 662 1077 335 589.0916736807608 50 789 608.3066660821662 1021 359
0 0 0 1 16 300 587 662 1077 335 589.0916736807608 50 789 608.3066660821662 1021 359
0 0 0 1 16 300 587 662 1077 335 589.0916736807608 50 789 608.3066660821662 1024 358
0 0 0 1 16 300 587 662 1077 335 589.0916736807608 50 789 608.3066660821662 1024 358
0 0 0 1 16 300 587 662 1077 335 589.0916736807608 50 789 608.3066660821662 1027 356
0 0 0 1 16 300 587 662 1077 335 589.0916736807608 50 789 608.3066660821662 1027 356
0 0 0 1 16 300 587 662 1077 335 589.0916736807608 50 789 608.3066660821662 1027 356
0 0 0 1 16 300 587 662 1077 335 589.0916736807608 50 789 608.3066660821662 1033 353
0 0 0 1 16 300 587 662 1077 335 589.0916736807608 50 789 608.3066660821662 1033 353
0 0 0 1 16 300 587 662 1077 335 589.0916736807608 50 789 608.3066660821662 1037 350
0 0 0 1 16 300 587 662 1077 335 589.0916736807608 50 789 608.3066660821662 1037 350
0 0 0 1 16 300 587 662 1077 335 589.0916736807608 50 789 608.3066660821662 1037 350
0 0 0 1 16 300 587 662 1077 335 589.0916736807608 50 789 608.3066660821662 1044 346
0 0 0 1 16 300 587 662 1077 335 589.0916736807608 50 789 608.3066660821662 1044 346
0 0 0 1 16 300 587 662 1077 335 589.0916736807608 50 789 608.3066660821662 1054 342
0 0 0 1 16 300 587 662 1077 335 589.0916736807608 50 789 608.3066660821662 1054 342
0 0 0 1 16 300 587 662 1077 335 589.0916736807608 50 789 608.3066660821662 1054 342
0 0 0 1 16 300 587 662 1077 335 589.0916736807608 50 789 608.3066660821662 1070 339
0 0 0 1 16 300 587 662 1077 335 589.0916736807608 50 789 608.3066660821662 1070 339
0 0 0 1 16 300 587 662 1077 335 589.0916736807608 50 789 608.3066660821662 1070 339
0 0 0 1 16 300 587 662 1077 335 589.0916736807608 50 789 608.3066660821662 1080 337
0 0 0 1 16 300 587 662 1077 335 589.0916736807608 50 789 608.3066660821662 1080 337
0 0 0 1 16 300 587 662 1077 335 589.0916736807608 50 789 608.3066660821662 1086 336
0 0 0 1 16 300 587 662 1077 335 589.0916736807608 50 789 608.3066660821662 1086 336
0 0 0 1 16 300 587 662 1077 335 589.0916736807608 50 789 608.3066660821662 1086 336
0 0 0 1 16 300 587 662 1077 335 589.0916736807608 50 789 608.3066660821662 1089 336
0 0 0 1 16 300 587 662 1077 335 589.0916736807608 50 789 608.3066660821662 1089 336
0 0 0 1 16 300 587 662 1077 335 589.0916736807608 50 789 608.3066660821662 1091 336
0 0 0 1 16 300 1077 335 522 564 600.3882077456219 50 788 537.9637534258233 1007 350
0 0 0 1 16 300 1077 335 522 564 600.3882077456219 50 788 537.9637534258233 975 359
0 0 0 1 16 300 1077 335 522 564 600.3882077456219 50 788 537.9637534258233 975 359
0 0 0 1 16 300 1077 335 522 564 600.3882077456219 50 788 537.9637534258233 975 359
0 0 0 1 16 300 1077 335 522 564 600.3882077456219 50 788 537.9637534258233 922 370
0 0 0 1 16 300 1077 335 522 564 600.3882077456219 50 788 537.9637534258233 922 370
0 0 0 1 16 300 1077 335 522 564 600.3882077456219 50 788 537.9637534258233 828 394
0 0 0 1 16 300 1077 335 522 564 600.3882077456219 50 788 537.9637534258233 828 394
0 0 0 1 16 300 1077 335 522 564 600.3882077456219 50 788 537.9637534258233 828 394
0 0 0 1 16 300 1077 335 522 564 600.3882077456219 50 788 537.9637534258233 733 419
0 0 0 1 16 300 1077 335 522 564 600.3882077456219 50 788 537.9637534258233 733 419
0 0 0 1 16 300 1077 335 522 564 600.3882077456219 50 788 537.9637534258233 686 436
0 0 0 1 16 300 1077 335 522 564 600.3882077456219 50 788 537.9637534258233 686 436
0 0 0 1 16 300 1077 335 522 564 600.3882077456219 50 788 537.9637534258233 686 436
0 0 0 1 16 300 1077 335 522 564 600.3882077456219 50 788 537.9637534258233 583 476
0 0 0 1 16 300 1077 335 522 564 600.3882077456219 50 788 537.9637534258233 583 476
0 0 0 1 16 300 1077 335 522 564 600.3882077456219 50 788 537.9637534258233 552 492
0 0 0 1 16 300 1077 335 522 564 600.3882077456219 50 788 537.9637534258233 552 492
0 0 0 1 16 300 1077 335 522 564 600.3882077456219 50 788 537.9637534258233 552 492
0 0 0 1 16 300 1077 335 522 564 600.3882077456219 50 788 537.9637534258233 524 507
0 0 0 1 16 300 1077 335 522 564 600.3882077456219 50 788 537.9637534258233 524 507
0 0 0 1 16 300 1077 335 522 564 600.3882077456219 50 788 537.9637534258233 524 507
0 0 0 1 16 300 1077 335 522 564 600.3882077456219 50 788 537.9637534258233 512 513
0 0 0 1 16 300 1077 335 522 564 600.3882077456219 50 788 537.9637534258233 512 513
0 0 0 1 16 300 1077 335 522 564 600.3882077456219 50 788 537.9637534258233 505 516
0 0 0 1 16 300 1077 335 522 564 600.3882077456219 50 788 537.9637534258233 505 516
0 0 0 1 16 300 1077 335 522 564 600.3882077456219 50 788 537.9637534258233 502 518
0 0 0 1 16 300 1077 335 522 564 600.3882077456219 50 788 537.9637534258233 502 518
0 0 0 1 16 300 1077 335 522 564 600.3882077456219 50 788 537.9637534258233 502 518
0 0 0 1 16 300 1077 335 522 564 600.3882077456219 50 788 537.9637534258233 498 521
0 0 0 1 16 300 1077 335 522 564 600.3882077456219 50 788 537.9637534258233 498 521
0 0 0 1 16 300 1077 335 522 564 600.3882077456219 50 788 537.9637534258233 496 522
0 0 0 1 16 300 1077 335 522 564 600.3882077456219 50 788 537.9637534258233 496 522
0 0 0 1 16 300 1077 335 522 564 600.3882077456219 50 788 537.9637534258233 495 524
0 0 0 1 16 300 1077 335 522 564 600.3882077456219 50 788 537.9637534258233 495 524
0 0 0 1 16 300 1077 335 522 564 600.3882077456219 50 788 537.9637534258233 494 525
0 0 0 1 16 300 1077 335 522 564 600.3882077456219 50 788 537.9637534258233 494 526
0 0 0 1 16 300 1077 335 522 564 600.3882077456219 50 788 537.9637534258233 493 527
0 0 0 1 16 300 1077 335 522 564 600.3882077456219 50 788 537.9637534258233 493 527
0 0 0 1 16 300 1077 335 522 564 600.3882077456219 50 788 537.9637534258233 493 527
0 0 0 1 16 300 1077 335 522 564 600.3882077456219 50 788 537.9637534258233 492 529
0 0 0 1 16 300 1077 335 522 564 600.3882077456219 50 788 537.9637534258233 492 529
0 0 0 1 16 300 1077 335 522 564 600.3882077456219 50 788 537.9637534258233 492 529
0 0 0 1 16 300 1077 335 522 564 600.3882077456219 50 788 537.9637534258233 490 531
0 0 0 1 16 300 1077 335 522 564 600.3882077456219 50 788 537.9637534258233 490 531
0 0 0 1 16 300 1077 335 522 564 600.3882077456219 50 788 537.9637534258233 488 533
0 0 0 1 16 300 1077 335 522 564 600.3882077456219 50 788 537.9637534258233 488 533
0 0 0 1 16 300 1077 335 522 564 600.3882077456219 50 788 537.9637534258233 488 533
0 0 0 1 16 300 1077 335 522 564 600.3882077456219 50 788 537.9637534258233 486 537
0 0 0 1 16 300 1077 335 522 564 600.3882077456219 50 788 537.9637534258233 486 537
0 0 0 1 16 300 1077 335 522 564 600.3882077456219 50 788 537.9637534258233 486 539
0 0 0 1 16 300 1077 335 522 564 600.3882077456219 50 788 537.9637534258233 486 540
0 0 0 1 16 300 1077 335 522 564 600.3882077456219 50 788 537.9637534258233 486 540
0 0 0 1 16 300 1077 335 522 564 600.3882077456219 50 788 537.9637534258233 486 542
0 0 0 1 16 300 1077 335 522 564 600.3882077456219 50 788 537.9637534258233 486 542
0 0 0 1 16 300 1077 335 522 564 600.3882077456219 50 788 537.9637534258233 487 544
0 0 0 1 16 300 1077 335 522 564 600.3882077456219 50 788 537.9637534258233 487 544
0 0 0 1 16 300 1077 335 522 564 600.3882077456219 50 788 537.9637534258233 487 544
0 0 0 1 16 300 1077 335 522 564 600.3882077456219 50 788 537.9637534258233 494 549
0 0 0 1 16 300 1077 335 522 564 600.3882077456219 50 788 537.9637534258233 494 549
0 0 0 1 16 300 1077 335 522 564 600.3882077456219 50 788 537.9637534258233 494 549
0 0 0 1 16 300 1077 335 522 564 600.3882077456219 50 788 537.9637534258233 500 554
0 0 0 1 16 300 1077 335 522 564 600.3882077456219 50 788 537.9637534258233 500 554
0 0 0 1 16 300 1077 335 522 564 600.3882077456219 50 788 537.9637534258233 503 557
0 0 0 1 16 300 1077 335 522 564 600.3882077456219 50 788 537.9637534258233 503 557
0 0 0 1 16 300 1077 335 522 564 600.3882077456219 50 788 537.9637534258233 503 557
0 0 0 1 16 300 1077 335 522 564 600.3882077456219 50 788 537.9637534258233 506 558
0 0 0 1 16 300 1077 335 522 564 600.3882077456219 50 788 537.9637534258233 506 558
0 0 0 1 16 300 1077 335 522 564 600.3882077456219 50 788 537.9637534258233 508 560
0 0 0 1 16 300 1077 335 522 564 600.3882077456219 50 788 537.9637534258233 508 560
0 0 0 1 16 300 1077 335 522 564 600.3882077456219 50 788 537.9637534258233 508 560
0 0 0 1 16 300 1077 335 522 564 600.3882077456219 50 788 537.9637534258233 510 561
0 0 0 1 16 300 1077 335 522 564 600.3882077456219 50 788 537.9637534258233 510 561
0 0 0 1 16 300 1077 335 522 564 600.3882077456219 50 788 537.9637534258233 511 562
0 0 0 1 16 300 1077 335 522 564 600.3882077456219 50 788 537.9637534258233 512 563
0 0 0 1 16 300 1077 335 522 564 600.3882077456219 50 788 537.9637534258233 513 563
0 0 0 1 16 300 522 564 1100 450 589.1349590713489 50 906 538.0799197145346 560 551
0 0 0 1 16 300 522 564 1100 450 589.1349590713489 50 906 538.0799197145346 574 547
0 0 0 1 16 300 522 564 1100 450 589.1349590713489 50 906 538.0799197145346 574 547
0 0 0 1 16 300 522 564 1100 450 589.1349590713489 50 906 538.0799197145346 574 547
0 0 0 1 16 300 522 564 1100 450 589.1349590713489 50 906 538.0799197145346 605 541
0 0 0 1 16 300 522 564 1100 450 589.1349590713489 50 906 538.0799197145346 605 541
0 0 0 1 16 300 522 564 1100 450 589.1349590713489 50 906 538.0799197145346 629 537
0 0 0 1 16 300 522 564 1100 450 589.1349590713489 50 906 538.0799197145346 629 537
0 0 0 1 16 300 522 564 1100 450 589.1349590713489 50 906 538.0799197145346 629 537
0 0 0 1 16 300 522 564 1100 450 589.1349590713489 50 906 538.0799197145346 694 520
0 0 0 1 16 300 522 564 1100 450 589.1349590713489 50 906 538.0799197145346 694 520
0 0 0 1 16 300 522 564 1100 450 589.1349590713489 50 906 538.0799197145346 742 512
0 0 0 1 16 300 522 564 1100 450 589.1349590713489 50 906 538.0799197145346 742 512
0 0 0 1 16 300 522 564 1100 450 589.1349590713489 50 906 538.0799197145346 742 512
0 0 0 1 16 300 522 564 1100 450 589.1349590713489 50 906 538.0799197145346 781 504
0 0 0 1 16 300 522 564 1100 450 589.1349590713489 50 906 538.0799197145346 781 504
0 0 0 1 16 300 522 564 1100 450 589.1349590713489 50 906 538.0799197145346 781 504
0 0 0 1 16 300 522 564 1100 450 589.1349590713489 50 906 538.0799197145346 854 495
0 0 0 1 16 300 522 564 1100 450 589.1349590713489 50 906 538.0799197145346 854 495
0 0 0 1 16 300 522 564 1100 450 589.1349590713489 50 906 538.0799197145346 889 494
0 0 0 1 16 300 522 564 1100 450 589.1349590713489 50 906 538.0799197145346 889 494
0 0 0 1 16 300 522 564 1100 450 589.1349590713489 50 906 538.0799197145346 889 494
0 0 0 1 16 300 522 564 1100 450 589.1349590713489 50 906 538.0799197145346 926 493
0 0 0 1 16 300 522 564 1100 450 589.1349590713489 50 906 538.0799197145346 926 493
0 0 0 1 16 300 522 564 1100 450 589.1349590713489 50 906 538.0799197145346 926 493
0 0 0 1 16 300 522 564 1100 450 589.1349590713489 50 906 538.0799197145346 950 493
0 0 0 1 16 300 522 564 1100 450 589.1349590713489 50 906 538.0799197145346 950 493
0 0 0 1 16 300 522 564 1100 450 589.1349590713489 50 906 538.0799197145346 964 493
0 0 0 1 16 300 522 564 1100 450 589.1349590713489 50 906 538.0799197145346 964 493
0 0 0 1 16 300 522 564 1100 450 589.1349590713489 50 906 538.0799197145346 969 492
0 0 0 1 16 300 522 564 1100 450 589.1349590713489 50 906 538.0799197145346 970 492
0 0 0 1 16 300 522 564 1100 450 589.1349590713489 50 906 538.0799197145346 971 492
0 0 0 1 16 300 522 564 1100 450 589.1349590713489 50 906 538.0799197145346 973 491
0 0 0 1 16 300 522 564 1100 450 589.1349590713489 50 906 538.0799197145346 973 491
0 0 0 1 16 300 522 564 1100 450 589.1349590713489 50 906 538.0799197145346 973 491
0 0 0 1 16 300 522 564 1100 450 589.1349590713489 50 906 538.0799197145346 978 488
0 0 0 1 16 300 522 564 1100 450 589.1349590713489 50 906 538.0799197145346 978 488
0 0 0 1 16 300 522 564 1100 450 589.1349590713489 50 906 538.0799197145346 982 486
0 0 0 1 16 300 522 564 1100 450 589.1349590713489 50 906 538.0799197145346 982 486
0 0 0 1 16 300 522 564 1100 450 589.1349590713489 50 906 538.0799197145346 982 486
0 0 0 1 16 300 522 564 1100 450 589.1349590713489 50 906 538.0799197145346 1000 480
0 0 0 1 16 300 522 564 1100 450 589.1349590713489 50 906 538.0799197145346 1000 480
0 0 0 1 16 300 522 564 1100 450 589.1349590713489 50 906 538.0799197145346 1000 480
0 0 0 1 16 300 522 564 1100 450 589.1349590713489 50 906 538.0799197145346 1020 475
0 0 0 1 16 300 522 564 1100 450 589.1349590713489 50 906 538.0799197145346 1020 475
0 0 0 1 16 300 522 564 1100 450 589.1349590713489 50 906 538.0799197145346 1035 472
0 0 0 1 16 300 522 564 1100 450 589.1349590713489 50 906 538.0799197145346 1035 472
0 0 0 1 16 300 522 564 1100 450 589.1349590713489 50 906 538.0799197145346 1035 472
0 0 0 1 16 300 522 564 1100 450 589.1349590713489 50 906 538.0799197145346 1049 471
0 0 0 1 16 300 522 564 1100 450 589.1349590713489 50 906 538.0799197145346 1049 471
0 0 0 1 16 300 522 564 1100 450 589.1349590713489 50 906 538.0799197145346 1064 469
0 0 0 1 16 300 522 564 1100 450 589.1349590713489 50 906 538.0799197145346 1064 469
0 0 0 1 16 300 522 564 1100 450 589.1349590713489 50 906 538.0799197145346 1064 469
0 0 0 1 16 300 522 564 1100 450 589.1349590713489 50 906 538.0799197145346 1076 467
0 0 0 1 16 300 522 564 1100 450 589.1349590713489 50 906 538.0799197145346 1076 467
0 0 0 1 16 300 522 564 1100 450 589.1349590713489 50 906 538.0799197145346 1081 466
0 0 0 1 16 300 522 564 1100 450 589.1349590713489 50 906 538.0799197145346 1081 466
0 0 0 1 16 300 522 564 1100 450 589.1349590713489 50 906 538.0799197145346 1084 465
0 0 0 1 16 300 522 564 1100 450 589.1349590713489 50 906 538.0799197145346 1085 465
0 0 0 1 16 300 522 564 1100 450 589.1349590713489 50 906 538.0799197145346 1086 465
0 0 0 1 16 300 522 564 1100 450 589.1349590713489 50 906 538.0799197145346 1086 465
0 0 0 1 16 300 522 564 1100 450 589.1349590713489 50 906 538.0799197145346 1087 464
0 0 0 1 16 300 522 564 1100 450 589.1349590713489 50 906 538.0799197145346 1088 464
0 0 0 1 16 300 522 564 1100 450 589.1349590713489 50 906 538.0799197145346 1089 464
0 0 0 1 16 300 522 564 1100 450 589.1349590713489 50 906 538.0799197145346 1090 464
0 0 0 1 16 300 522 564 1100 450 589.1349590713489 50 906 538.0799197145346 1091 464
0 0 0 1 16 300 1100 450 500 450 600.0 50 641 462.1558178796411 970 436
0 0 0 1 16 300 1100 450 500 450 600.0 50 641 462.1558178796411 970 436
0 0 0 1 16 300 1100 450 500 450 600.0 50 641 462.1558178796411 906 420
0 0 0 1 16 300 1100 450 500 450 600.0 50 641 462.1558178796411 906 420
0 0 0 1 16 300 1100 450 500 450 600.0 50 641 462.1558178796411 831 404
0 0 0 1 16 300 1100 450 500 450 600.0 50 641 462.1558178796411 831 404
0 0 0 1 16 300 1100 450 500 450 600.0 50 641 462.1558178796411 831 404
0 0 0 1 16 300 1100 450 500 450 600.0 50 641 462.1558178796411 740 391
0 0 0 1 16 300 1100 450 500 450 600.0 50 641 462.1558178796411 740 391
0 0 0 1 16 300 1100 450 500 450 600.0 50 641 462.1558178796411 675 386
0 0 0 1 16 300 1100 450 500 450 600.0 50 641 462.1558178796411 675 386
0 0 0 1 16 300 1100 450 500 450 600.0 50 641 462.1558178796411 675 386
0 0 0 1 16 300 1100 450 500 450 600.0 50 641 462.1558178796411 642 385
0 0 0 1 16 300 1100 450 500 450 600.0 50 641 462.1558178796411 642 385
0 0 0 1 16 300 1100 450 500 450 600.0 50 641 462.1558178796411 617 385
0 0 0 1 16 300 1100 450 500 450 600.0 50 641 462.1558178796411 617 385
0 0 0 1 16 300 1100 450 500 450 600.0 50 641 462.1558178796411 617 385
0 0 0 1 16 300 1100 450 500 450 600.0 50 641 462.1558178796411 592 385
0 0 0 1 16 300 1100 450 500 450 600.0 50 641 462.1558178796411 592 385
0 0 0 1 16 300 1100 450 500 450 600.0 50 641 462.1558178796411 582 385
0 0 0 1 16 300 1100 450 500 450 600.0 50 641 462.1558178796411 582 385
0 0 0 1 16 300 1100 450 500 450 600.0 50 641 462.1558178796411 582 385
0 0 0 1 16 300 1100 450 500 450 600.0 50 641 462.1558178796411 561 388
0 0 0 1 16 300 1100 450 500 450 600.0 50 641 462.1558178796411 561 388
0 0 0 1 16 300 1100 450 500 450 600.0 50 641 462.1558178796411 561 388
0 0 0 1 16 300 1100 450 500 450 600.0 50 641 462.1558178796411 552 392
0 0 0 1 16 300 1100 450 500 450 600.0 50 641 462.1558178796411 552 392
0 0 0 1 16 300 1100 450 500 450 600.0 50 641 462.1558178796411 540 397
0 0 0 1 16 300 1100 450 500 450 600.0 50 641 462.1558178796411 540 397
0 0 0 1 16 300 1100 450 500 450 600.0 50 641 462.1558178796411 540 397
0 0 0 1 16 300 1100 450 500 450 600.0 50 641 462.1558178796411 532 402
0 0 0 1 16 300 1100 450 500 450 600.0 50 641 462.1558178796411 532 402
0 0 0 1 16 300 1100 450 500 450 600.0 50 641 462.1558178796411 532 402
0 0 0 1 16 300 1100 450 500 450 600.0 50 641 462.1558178796411 527 405
0 0 0 1 16 300 1100 450 500 450 600.0 50 641 462.1558178796411 527 405
0 0 0 1 16 300 1100 450 500 450 600.0 50 641 462.1558178796411 525 406
0 0 0 1 16 300 1100 450 500 450 600.0 50 641 462.1558178796411 524 406
0 0 0 1 16 300 1100 450 500 450 600.0 50 641 462.1558178796411 523 407
0 0 0 1 16 300 1100 450 500 450 600.0 50 641 462.1558178796411 523 407
0 0 0 1 16 300 1100 450 500 450 600.0 50 641 462.1558178796411 522 408
0 0 0 1 16 300 1100 450 500 450 600.0 50 641 462.1558178796411 522 409
0 0 0 1 16 300 1100 450 500 450 600.0 50 641 462.1558178796411 522 409
0 0 0 1 16 300 1100 450 500 450 600.0 50 641 462.1558178796411 521 411
0 0 0 1 16 300 1100 450 500 450 600.0 50 641 462.1558178796411 521 413
0 0 0 1 16 300 1100 450 500 450 600.0 50 641 462.1558178796411 521 413
0 0 0 1 16 300 1100 450 500 450 600.0 50 641 462.1558178796411 519 416
0 0 0 1 16 300 1100 450 500 450 600.0 50 641 462.1558178796411 519 416
0 0 0 1 16 300 1100 450 500 450 600.0 50 641 462.1558178796411 518 420
0 0 0 1 16 300 1100 450 500 450 600.0 50 641 462.1558178796411 518 420
0 0 0 1 16 300 1100 450 500 450 600.0 50 641 462.1558178796411 516 425
0 0 0 1 16 300 1100 450 500 450 600.0 50 641 462.1558178796411 516 425
0 0 0 1 16 300 1100 450 500 450 600.0 50 641 462.1558178796411 516 425
0 0 0 1 16 300 1100 450 500 450 600.0 50 641 462.1558178796411 514 434
0 0 0 1 16 300 1100 450 500 450 600.0 50 641 462.1558178796411 514 434
0 0 0 1 16 300 1100 450 500 450 600.0 50 641 462.1558178796411 514 434
0 0 0 1 16 300 1100 450 500 450 600.0 50 641 462.1558178796411 511 440
0 0 0 1 16 300 1100 450 500 450 600.0 50 641 462.1558178796411 511 441
0 0 0 1 16 300 1100 450 500 450 600.0 50 641 462.1558178796411 511 441
0 0 0 1 16 300 1100 450 500 450 600.0 50 641 462.1558178796411 511 441
0 0 0 1 16 300 1100 450 500 450 600.0 50 641 462.1558178796411 510 444
0 0 0 1 16 300 1100 450 500 450 600.0 50 641 462.1558178796411 510 444
0 0 0 1 16 300 1100 450 500 450 600.0 50 641 462.1558178796411 509 446
0 0 0 1 16 300 1100 450 500 450 600.0 50 641 462.1558178796411 508 447
0 0 0 1 16 300 1100 450 500 450 600.0 50 641 462.1558178796411 508 448
0 0 0 1 16 300 500 450 1077 564 588.1538914263851 50 555 390.2832304878087 719 473
0 0 0 1 16 300 500 450 1077 564 588.1538914263851 50 555 390.2832304878087 719 473
0 0 0 1 16 300 500 450 1077 564 588.1538914263851 50 555 390.2832304878087 790 484
0 0 0 1 16 300 500 450 1077 564 588.1538914263851 50 555 390.2832304878087 790 484
0 0 0 1 16 300 500 450 1077 564 588.1538914263851 50 555 390.2832304878087 869 498
0 0 0 1 16 300 500 450 1077 564 588.1538914263851 50 555 390.2832304878087 869 498
0 0 0 1 16 300 500 450 1077 564 588.1538914263851 50 555 390.2832304878087 869 498
0 0 0 1 16 300 500 450 1077 564 588.1538914263851 50 555 390.2832304878087 950 515
0 0 0 1 16 300 500 450 1077 564 588.1538914263851 50 555 390.2832304878087 950 515
0 0 0 1 16 300 500 450 1077 564 588.1538914263851 50 555 390.2832304878087 979 522
0 0 0 1 16 300 500 450 1077 564 588.1538914263851 50 555 390.2832304878087 979 522
0 0 0 1 16 300 500 450 1077 564 588.1538914263851 50 555 390.2832304878087 979 522
0 0 0 1 16 300 500 450 1077 564 588.1538914263851 50 555 390.2832304878087 1038 541
0 0 0 1 16 300 500 450 1077 564 588.1538914263851 50 555 390.2832304878087 1038 541
0 0 0 1 16 300 500 450 1077 564 588.1538914263851 50 555 390.2832304878087 1061 549
0 0 0 1 16 300 500 450 1077 564 588.1538914263851 50 555 390.2832304878087 1061 549
0 0 0 1 16 300 500 450 1077 564 588.1538914263851 50 555 390.2832304878087 1061 549
0 0 0 1 16 300 500 450 1077 564 588.1538914263851 50 555 390.2832304878087 1086 558
0 0 0 1 16 300 500 450 1077 564 588.1538914263851 50 555 390.2832304878087 1086 558
0 0 0 1 16 300 500 450 1077 564 588.1538914263851 50 555 390.2832304878087 1086 558
0 0 0 1 16 300 500 450 1077 564 588.1538914263851 50 555 390.2832304878087 1097 561
0 0 0 1 16 300 500 450 1077 564 588.1538914263851 50 555 390.2832304878087 1099 562
0 0 0 1 16 300 1077 564 522 335 600.3882077456219 50 957 594.22554640473 1089 562
0 0 0 1 16 300 1077 564 522 335 600.3882077456219 50 957 594.22554640473 1083 561
0 0 0 1 16 300 1077 564 522 335 600.3882077456219 50 957 594.22554640473 1083 561
0 0 0 1 16 300 1077 564 522 335 600.3882077456219 50 957 594.22554640473 1083 561
0 0 0 1 16 300 1077 564 522 335 600.3882077456219 50 957 594.22554640473 1019 546
0 0 0 1 16 300 1077 564 522 335 600.3882077456219 50 957 594.22554640473 1019 546
0 0 0 1 16 300 1077 564 522 335 600.3882077456219 50 957 594.22554640473 1019 546
0 0 0 1 16 300 1077 564 522 335 600.3882077456219 50 957 594.22554640473 963 527
0 0 0 1 16 300 1077 564 522 335 600.3882077456219 50 957 594.22554640473 963 527
0 0 0 1 16 300 1077 564 522 335 600.3882077456219 50 957 594.22554640473 893 496
0 0 0 1 16 300 1077 564 522 335 600.3882077456219 50 957 594.22554640473 893 496
0 0 0 1 16 300 1077 564 522 335 600.3882077456219 50 957 594.22554640473 831 469
0 0 0 1 16 300 1077 564 522 335 600.3882077456219 50 957 594.22554640473 831 469
0 0 0 1 16 300 1077 564 522 335 600.3882077456219 50 957 594.22554640473 831 469
0 0 0 1 16 300 1077 564 522 335 600.3882077456219 50 957 594.22554640473 764 437
0 0 0 1 16 300 1077 564 522 335 600.3882077456219 50 957 594.22554640473 764 437
0 0 0 1 16 300 1077 564 522 335 600.3882077456219 50 957 594.22554640473 764 437
0 0 0 1 16 300 1077 564 522 335 600.3882077456219 50 957 594.22554640473 740 424
0 0 0 1 16 300 1077 564 522 335 600.3882077456219 50 957 594.22554640473 740 424
0 0 0 1 16 300 1077 564 522 335 600.3882077456219 50 957 594.22554640473 730 420
0 0 0 1 16 300 1077 564 522 335 600.3882077456219 50 957 594.22554640473 724 416
0 0 0 1 16 300 1077 564 522 335 600.3882077456219 50 957 594.22554640473 724 416
0 0 0 1 16 300 1077 564 522 335 600.3882077456219 50 957 594.22554640473 724 416
0 0 0 1 16 300 1077 564 522 335 600.3882077456219 50 957 594.22554640473 712 412
0 0 0 1 16 300 1077 564 522 335 600.3882077456219 50 957 594.22554640473 712 412
0 0 0 1 16 300 1077 564 522 335 600.3882077456219 50 957 594.22554640473 694 406
0 0 0 1 16 300 1077 564 522 335 600.3882077456219 50 957 594.22554640473 694 406
0 0 0 1 16 300 1077 564 522 335 600.3882077456219 50 957 594.22554640473 694 406
0 0 0 1 16 300 1077 564 522 335 600.3882077456219 50 957 594.22554640473 665 397
0 0 0 1 16 300 1077 564 522 335 600.3882077456219 50 957 594.22554640473 665 397
0 0 0 1 16 300 1077 564 522 335 600.3882077456219 50 957 594.22554640473 665 397
0 0 0 1 16 300 1077 564 522 335 600.3882077456219 50 957 594.22554640473 642 390
0 0 0 1 16 300 1077 564 522 335 600.3882077456219 50 957 594.22554640473 642 390
0 0 0 1 16 300 1077 564 522 335 600.3882077456219 50 957 594.22554640473 625 382
0 0 0 1 16 300 1077 564 522 335 600.3882077456219 50 957 594.22554640473 625 382
0 0 0 1 16 300 1077 564 522 335 600.3882077456219 50 957 594.22554640473 625 382
0 0 0 1 16 300 1077 564 522 335 600.3882077456219 50 957 594.22554640473 605 374
0 0 0 1 16 300 1077 564 522 335 600.3882077456219 50 957 594.22554640473 605 374
0 0 0 1 16 300 1077 564 522 335 600.3882077456219 50 957 594.22554640473 599 372
0 0 0 1 16 300 1077 564 522 335 600.3882077456219 50 957 594.22554640473 599 372
0 0 0 1 16 300 1077 564 522 335 600.3882077456219 50 957 594.22554640473 599 372
0 0 0 1 16 300 1077 564 522 335 600.3882077456219 50 957 594.22554640473 587 366
0 0 0 1 16 300 1077 564 522 335 600.3882077456219 50 957 594.22554640473 587 366
0 0 0 1 16 300 1077 564 522 335 600.3882077456219 50 957 594.22554640473 587 366
0 0 0 1 16 300 1077 564 522 335 600.3882077456219 50 957 594.22554640473 582 364
0 0 0 1 16 300 1077 564 522 335 600.3882077456219 50 957 594.22554640473 582 364
0 0 0 1 16 300 1077 564 522 335 600.3882077456219 50 957 594.22554640473 582 364
0 0 0 1 16 300 1077 564 522 335 600.3882077456219 50 957 594.22554640473 576 361
0 0 0 1 16 300 1077 564 522 335 600.3882077456219 50 957 594.22554640473 576 361
0 0 0 1 16 300 1077 564 522 335 600.3882077456219 50 957 594.22554640473 572 361
0 0 0 1 16 300 1077 564 522 335 600.3882077456219 50 957 594.22554640473 572 361
0 0 0 1 16 300 1077 564 522 335 600.3882077456219 50 957 594.22554640473 567 358
0 0 0 1 16 300 1077 564 522 335 600.3882077456219 50 957 594.22554640473 567 358
0 0 0 1 16 300 1077 564 522 335 600.3882077456219 50 957 594.22554640473 567 358
0 0 0 1 16 300 1077 564 522 335 600.3882077456219 50 957 594.22554640473 560 356
0 0 0 1 16 300 1077 564 522 335 600.3882077456219 50 957 594.22554640473 560 356
0 0 0 1 16 300 1077 564 522 335 600.3882077456219 50 957 594.22554640473 558 356
0 0 0 1 16 300 1077 564 522 335 600.3882077456219 50 957 594.22554640473 558 356
0 0 0 1 16 300 1077 564 522 335 600.3882077456219 50 957 594.22554640473 558 356
0 0 0 1 16 300 1077 564 522 335 600.3882077456219 50 957 594.22554640473 555 355
0 0 0 1 16 300 1077 564 522 335 600.3882077456219 50 957 594.22554640473 554 355
0 0 0 1 16 300 1077 564 522 335 600.3882077456219 50 957 594.22554640473 554 355
0 0 0 1 16 300 1077 564 522 335 600.3882077456219 50 957 594.22554640473 553 354
0 0 0 1 16 300 1077 564 522 335 600.3882077456219 50 957 594.22554640473 552 354
0 0 0 1 16 300 1077 564 522 335 600.3882077456219 50 957 594.22554640473 551 354
0 0 0 1 16 300 1077 564 522 335 600.3882077456219 50 957 594.22554640473 551 354
0 0 0 1 16 300 1077 564 522 335 600.3882077456219 50 957 594.22554640473 551 354
0 0 0 1 16 300 1077 564 522 335 600.3882077456219 50 957 594.22554640473 548 351
0 0 0 1 16 300 1077 564 522 335 600.3882077456219 50 957 594.22554640473 548 351
0 0 0 1 16 300 1077 564 522 335 600.3882077456219 50 957 594.22554640473 546 350
0 0 0 1 16 300 1077 564 522 335 600.3882077456219 50 957 594.22554640473 545 349
0 0 0 1 16 300 1077 564 522 335 600.3882077456219 50 957 594.22554640473 545 349
0 0 0 1 16 300 1077 564 522 335 600.3882077456219 50 957 594.22554640473 545 349
0 0 0 1 16 300 1077 564 522 335 600.3882077456219 50 957 594.22554640473 541 346
0 0 0 1 16 300 1077 564 522 335 600.3882077456219 50 957 594.22554640473 540 345
0 0 0 1 16 300 1077 564 522 335 600.3882077456219 50 957 594.22554640473 539 345
0 0 0 1 16 300 1077 564 522 335 600.3882077456219 50 957 594.22554640473 539 345
0 0 0 1 16 300 1077 564 522 335 600.3882077456219 50 957 594.22554640473 539 345
0 0 0 1 16 300 1077 564 522 335 600.3882077456219 50 957 594.22554640473 538 343
0 0 0 1 16 300 1077 564 522 335 600.3882077456219 50 957 594.22554640473 537 343
0 0 0 1 16 300 1077 564 522 335 600.3882077456219 50 957 594.22554640473 537 342
0 0 0 1 16 300 522 335 1012 662 589.0916736807608 50 1339 321.72659200010185 762 438
0 0 0 1 16 300 522 335 1012 662 589.0916736807608 50 1339 321.72659200010185 787 447
0 0 0 1 16 300 522 335 1012 662 589.0916736807608 50 1339 321.72659200010185 787 447
0 0 0 1 16 300 522 335 1012 662 589.0916736807608 50 1339 321.72659200010185 812 459
0 0 0 1 16 300 522 335 1012 662 589.0916736807608 50 1339 321.72659200010185 812 459
0 0 0 1 16 300 522 335 1012 662 589.0916736807608 50 1339 321.72659200010185 812 459
0 0 0 1 16 300 522 335 1012 662 589.0916736807608 50 1339 321.72659200010185 896 500
0 0 0 1 16 300 522 335 1012 662 589.0916736807608 50 1339 321.72659200010185 896 500
0 0 0 1 16 300 522 335 1012 662 589.0916736807608 50 1339 321.72659200010185 922 514
0 0 0 1 16 300 522 335 1012 662 589.0916736807608 50 1339 321.72659200010185 922 514
0 0 0 1 16 300 522 335 1012 662 589.0916736807608 50 1339 321.72659200010185 922 514
0 0 0 1 16 300 522 335 1012 662 589.0916736807608 50 1339 321.72659200010185 956 536
0 0 0 1 16 300 522 335 1012 662 589.0916736807608 50 1339 321.72659200010185 956 536
0 0 0 1 16 300 522 335 1012 662 589.0916736807608 50 1339 321.72659200010185 956 536
0 0 0 1 16 300 522 335 1012 662 589.0916736807608 50 1339 321.72659200010185 972 548
0 0 0 1 16 300 522 335 1012 662 589.0916736807608 50 1339 321.72659200010185 972 548
0 0 0 1 16 300 522 335 1012 662 589.0916736807608 50 1339 321.72659200010185 983 562
0 0 0 1 16 300 522 335 1012 662 589.0916736807608 50 1339 321.72659200010185 983 562
0 0 0 1 16 300 522 335 1012 662 589.0916736807608 50 1339 321.72659200010185 983 562
0 0 0 1 16 300 522 335 1012 662 589.0916736807608 50 1339 321.72659200010185 990 570
0 0 0 1 16 300 522 335 1012 662 589.0916736807608 50 1339 321.72659200010185 990 570
0 0 0 1 16 300 522 335 1012 662 589.0916736807608 50 1339 321.72659200010185 990 570
0 0 0 1 16 300 522 335 1012 662 589.0916736807608 50 1339 321.72659200010185 993 578
0 0 0 1 16 300 522 335 1012 662 589.0916736807608 50 1339 321.72659200010185 993 578
0 0 0 1 16 300 522 335 1012 662 589.0916736807608 50 1339 321.72659200010185 994 581
0 0 0 1 16 300 522 335 1012 662 589.0916736807608 50 1339 321.72659200010185 994 581
0 0 0 1 16 300 522 335 1012 662 589.0916736807608 50 1339 321.72659200010185 994 581
0 0 0 1 16 300 522 335 1012 662 589.0916736807608 50 1339 321.72659200010185 995 584
0 0 0 1 16 300 522 335 1012 662 589.0916736807608 50 1339 321.72659200010185 995 584
0 0 0 1 16 300 522 335 1012 662 589.0916736807608 50 1339 321.72659200010185 995 584
0 0 0 1 16 300 522 335 1012 662 589.0916736807608 50 1339 321.72659200010185 996 589
0 0 0 1 16 300 522 335 1012 662 589.0916736807608 50 1339 321.72659200010185 996 589
0 0 0 1 16 300 522 335 1012 662 589.0916736807608 50 1339 321.72659200010185 996 592
0 0 0 1 16 300 522 335 1012 662 589.0916736807608 50 1339 321.72659200010185 996 592
0 0 0 1 16 300 522 335 1012 662 589.0916736807608 50 1339 321.72659200010185 996 592
0 0 0 1 16 300 522 335 1012 662 589.0916736807608 50 1339 321.72659200010185 996 596
0 0 0 1 16 300 522 335 1012 662 589.0916736807608 50 1339 321.72659200010185 996 596
0 0 0 1 16 300 522 335 1012 662 589.0916736807608 50 1339 321.72659200010185 996 600
0 0 0 1 16 300 522 335 1012 662 589.0916736807608 50 1339 321.72659200010185 996 600
0 0 0 1 16 300 522 335 1012 662 589.0916736807608 50 1339 321.72659200010185 995 605
0 0 0 1 16 300 522 335 1012 662 589.0916736807608 50 1339 321.72659200010185 995 607
0 0 0 1 16 300 522 335 1012 662 589.0916736807608 50 1339 321.72659200010185 995 608
0 0 0 1 16 300 522 335 1012 662 589.0916736807608 50 1339 321.72659200010185 995 608
0 0 0 1 16 300 522 335 1012 662 589.0916736807608 50 1339 321.72659200010185 994 609
0 0 0 1 16 300 522 335 1012 662 589.0916736807608 50 1339 321.72659200010185 994 610
0 0 0 1 16 300 522 335 1012 662 589.0916736807608 50 1339 321.72659200010185 994 611
0 0 0 1 16 300 522 335 1012 662 589.0916736807608 50 1339 321.72659200010185 994 612
0 0 0 1 16 300 522 335 1012 662 589.0916736807608 50 1339 321.72659200010185 994 613
0 0 0 1 16 300 522 335 1012 662 589.0916736807608 50 1339 321.72659200010185 994 614
0 0 0 1 16 300 522 335 1012 662 589.0916736807608 50 1339 321.72659200010185 994 614
0 0 0 1 16 300 522 335 1012 662 589.0916736807608 50 1339 321.72659200010185 994 616
0 0 0 1 16 300 522 335 1012 662 589.0916736807608 50 1339 321.72659200010185 994 617
0 0 0 1 16 300 522 335 1012 662 589.0916736807608 50 1339 321.72659200010185 994 617
0 0 0 1 16 300 522 335 1012 662 589.0916736807608 50 1339 321.72659200010185 994 617
0 0 0 1 16 300 522 335 1012 662 589.0916736807608 50 1339 321.72659200010185 995 622
0 0 0 1 16 300 522 335 1012 662 589.0916736807608 50 1339 321.72659200010185 995 622
0 0 0 1 16 300 522 335 1012 662 589.0916736807608 50 1339 321.72659200010185 996 623
0 0 0 1 16 300 522 335 1012 662 589.0916736807608 50 1339 321.72659200010185 997 624
0 0 0 1 16 300 522 335 1012 662 589.0916736807608 50 1339 321.72659200010185 997 624
0 0 0 1 16 300 522 335 1012 662 589.0916736807608 50 1339 321.72659200010185 999 626
0 0 0 1 16 300 522 335 1012 662 589.0916736807608 50 1339 321.72659200010185 1000 627
0 0 0 1 16 300 522 335 1012 662 589.0916736807608 50 1339 321.72659200010185 1000 627
0 0 0 1 16 300 522 335 1012 662 589.0916736807608 50 1339 321.72659200010185 1000 629
0 0 0 1 16 300 522 335 1012 662 589.0916736807608 50 1339 321.72659200010185 1000 629
0 0 0 1 16 300 522 335 1012 662 589.0916736807608 50 1339 321.72659200010185 1001 630
0 0 0 1 16 300 522 335 1012 662 589.0916736807608 50 1339 321.72659200010185 1001 630
0 0 0 1 16 300 522 335 1012 662 589.0916736807608 50 1339 321.72659200010185 1002 631
0 0 0 1 16 300 522 335 1012 662 589.0916736807608 50 1339 321.72659200010185 1003 632
0 0 0 1 16 300 522 335 1012 662 589.0916736807608 50 1339 321.72659200010185 1003 633
0 0 0 1 16 300 522 335 1012 662 589.0916736807608 50 1339 321.72659200010185 1003 634
0 0 0 1 16 300 522 335 1012 662 589.0916736807608 50 1339 321.72659200010185 1003 635
0 0 0 1 16 300 522 335 1012 662 589.0916736807608 50 1339 321.72659200010185 1004 635
0 0 0 1 16 300 522 335 1012 662 589.0916736807608 50 1339 321.72659200010185 1004 636
0 0 0 1 16 300 522 335 1012 662 589.0916736807608 50 1339 321.72659200010185 1004 637
0 0 0 1 16 300 522 335 1012 662 589.0916736807608 50 1339 321.72659200010185 1004 638
0 0 0 1 16 300 522 335 1012 662 589.0916736807608 50 1339 321.72659200010185 1004 639
0 0 0 1 16 300 522 335 1012 662 589.0916736807608 50 1339 321.72659200010185 1004 640
0 0 0 1 16 300 522 335 1012 662 589.0916736807608 50 1339 321.72659200010185 1004 641
0 0 0 1 16 300 522 335 1012 662 589.0916736807608 50 1339 321.72659200010185 1004 642
0 0 0 1 16 300 522 335 1012 662 589.0916736807608 50 1339 321.72659200010185 1004 643
0 0 0 1 16 300 522 335 1012 662 589.0916736807608 50 1339 321.72659200010185 1004 644
0 0 0 1 16 300 522 335 1012 662 589.0916736807608 50 1339 321.72659200010185 1004 645
0 0 0 1 16 300 522 335 1012 662 589.0916736807608 50 1339 321.72659200010185 1004 646
0 0 0 1 16 300 522 335 1012 662 589.0916736807608 50 1339 321.72659200010185 1004 647
0 0 0 1 16 300 522 335 1012 662 589.0916736807608 50 1339 321.72659200010185 1004 648
0 0 0 1 16 300 522 335 1012 662 589.0916736807608 50 1339 321.72659200010185 1004 649
0 0 0 1 16 300 522 335 1012 662 589.0916736807608 50 1339 321.72659200010185 1004 650
0 0 0 1 16 300 1012 662 587 237 601.0407640085654 50 806 578.4289066082365 1002 651
0 0 0 1 16 300 1012 662 587 237 601.0407640085654 50 806 578.4289066082365 1000 650
0 0 0 1 16 300 1012 662 587 237 601.0407640085654 50 806 578.4289066082365 1000 650
0 0 0 1 16 300 1012 662 587 237 601.0407640085654 50 806 578.4289066082365 1000 650
0 0 0 1 16 300 1012 662 587 237 601.0407640085654 50 806 578.4289066082365 989 643
0 0 0 1 16 300 1012 662 587 237 601.0407640085654 50 806 578.4289066082365 989 643
0 0 0 1 16 300 1012 662 587 237 601.0407640085654 50 806 578.4289066082365 962 622
0 0 0 1 16 300 1012 662 587 237 601.0407640085654 50 806 578.4289066082365 962 622
0 0 0 1 16 300 1012 662 587 237 601.0407640085654 50 806 578.4289066082365 962 622
0 0 0 1 16 300 1012 662 587 237 601.0407640085654 50 806 578.4289066082365 917 584
0 0 0 1 16 300 1012 662 587 237 601.0407640085654 50 806 578.4289066082365 917 584
0 0 0 1 16 300 1012 662 587 237 601.0407640085654 50 806 578.4289066082365 891 559
0 0 0 1 16 300 1012 662 587 237 601.0407640085654 50 806 578.4289066082365 891 559
0 0 0 1 16 300 1012 662 587 237 601.0407640085654 50 806 578.4289066082365 891 559
0 0 0 1 16 300 1012 662 587 237 601.0407640085654 50 806 578.4289066082365 811 484
0 0 0 1 16 300 1012 662 587 237 601.0407640085654 50 806 578.4289066082365 811 484
0 0 0 1 16 300 1012 662 587 237 601.0407640085654 50 806 578.4289066082365 793 466
0 0 0 1 16 300 1012 662 587 237 601.0407640085654 50 806 578.4289066082365 793 466
0 0 0 1 16 300 1012 662 587 237 601.0407640085654 50 806 578.4289066082365 793 466
0 0 0 1 16 300 1012 662 587 237 601.0407640085654 50 806 578.4289066082365 745 412
0 0 0 1 16 300 1012 662 587 237 601.0407640085654 50 806 578.4289066082365 745 412
0 0 0 1 16 300 1012 662 587 237 601.0407640085654 50 806 578.4289066082365 727 390
0 0 0 1 16 300 1012 662 587 237 601.0407640085654 50 806 578.4289066082365 727 390
0 0 0 1 16 300 1012 662 587 237 601.0407640085654 50 806 578.4289066082365 727 390
0 0 0 1 16 300 1012 662 587 237 601.0407640085654 50 806 578.4289066082365 699 352
0 0 0 1 16 300 1012 662 587 237 601.0407640085654 50 806 578.4289066082365 699 352
0 0 0 1 16 300 1012 662 587 237 601.0407640085654 50 806 578.4289066082365 689 340
0 0 0 1 16 300 1012 662 587 237 601.0407640085654 50 806 578.4289066082365 689 340
0 0 0 1 16 300 1012 662 587 237 601.0407640085654 50 806 578.4289066082365 689 340
0 0 0 1 16 300 1012 662 587 237 601.0407640085654 50 806 578.4289066082365 676 318
0 0 0 1 16 300 1012 662 587 237 601.0407640085654 50 806 578.4289066082365 676 318
0 0 0 1 16 300 1012 662 587 237 601.0407640085654 50 806 578.4289066082365 676 318
0 0 0 1 16 300 1012 662 587 237 601.0407640085654 50 806 578.4289066082365 670 307
0 0 0 1 16 300 1012 662 587 237 601.0407640085654 50 806 578.4289066082365 670 307
0 0 0 1 16 300 1012 662 587 237 601.0407640085654 50 806 578.4289066082365 667 303
0 0 0 1 16 300 1012 662 587 237 601.0407640085654 50 806 578.4289066082365 667 303
0 0 0 1 16 300 1012 662 587 237 601.0407640085654 50 806 578.4289066082365 664 299
0 0 0 1 16 300 1012 662 587 237 601.0407640085654 50 806 578.4289066082365 664 299
0 0 0 1 16 300 1012 662 587 237 601.0407640085654 50 806 578.4289066082365 663 297
0 0 0 1 16 300 1012 662 587 237 601.0407640085654 50 806 578.4289066082365 663 296
0 0 0 1 16 300 1012 662 587 237 601.0407640085654 50 806 578.4289066082365 663 296
0 0 0 1 16 300 1012 662 587 237 601.0407640085654 50 806 578.4289066082365 663 296
0 0 0 1 16 300 1012 662 587 237 601.0407640085654 50 806 578.4289066082365 661 294
0 0 0 1 16 300 1012 662 587 237 601.0407640085654 50 806 578.4289066082365 661 294
0 0 0 1 16 300 1012 662 587 237 601.0407640085654 50 806 578.4289066082365 659 292
0 0 0 1 16 300 1012 662 587 237 601.0407640085654 50 806 578.4289066082365 659 292
0 0 0 1 16 300 1012 662 587 237 601.0407640085654 50 806 578.4289066082365 653 284
0 0 0 1 16 300 1012 662 587 237 601.0407640085654 50 806 578.4289066082365 653 284
0 0 0 1 16 300 1012 662 587 237 601.0407640085654 50 806 578.4289066082365 653 284
0 0 0 1 16 300 1012 662 587 237 601.0407640085654 50 806 578.4289066082365 642 275
0 0 0 1 16 300 1012 662 587 237 601.0407640085654 50 806 578.4289066082365 642 275
0 0 0 1 16 300 1012 662 587 237 601.0407640085654 50 806 578.4289066082365 635 269
0 0 0 1 16 300 1012 662 587 237 601.0407640085654 50 806 578.4289066082365 635 269
0 0 0 1 16 300 1012 662 587 237 601.0407640085654 50 806 578.4289066082365 635 269
0 0 0 1 16 300 1012 662 587 237 601.0407640085654 50 806 578.4289066082365 618 259
0 0 0 1 16 300 1012 662 587 237 601.0407640085654 50 806 578.4289066082365 618 259
0 0 0 1 16 300 1012 662 587 237 601.0407640085654 50 806 578.4289066082365 612 254
0 0 0 1 16 300 1012 662 587 237 601.0407640085654 50 806 578.4289066082365 612 254
0 0 0 1 16 300 1012 662 587 237 601.0407640085654 50 806 578.4289066082365 609 253
0 0 0 1 16 300 1012 662 587 237 601.0407640085654 50 806 578.4289066082365 609 253
0 0 0 1 16 300 1012 662 587 237 601.0407640085654 50 806 578.4289066082365 609 253
0 0 0 1 16 300 1012 662 587 237 601.0407640085654 50 806 578.4289066082365 605 249
0 0 0 1 16 300 1012 662 587 237 601.0407640085654 50 806 578.4289066082365 605 249
0 0 0 1 16 300 1012 662 587 237 601.0407640085654 50 806 578.4289066082365 603 248
0 0 0 1 16 300 1012 662 587 237 601.0407640085654 50 806 578.4289066082365 603 247
0 0 0 1 16 300 1012 662 587 237 601.0407640085654 50 806 578.4289066082365 602 247
0 0 0 1 16 300 1012 662 587 237 601.0407640085654 50 806 578.4289066082365 602 247
0 0 0 1 16 300 1012 662 587 237 601.0407640085654 50 806 578.4289066082365 601 246
0 0 0 1 16 300 1012 662 587 237 601.0407640085654 50 806 578.4289066082365 601 246
0 0 0 1 16 300 1012 662 587 237 601.0407640085654 50 806 578.4289066082365 600 244
0 0 0 1 16 300 1012 662 587 237 601.0407640085654 50 806 578.4289066082365 599 243
0 0 0 1 16 300 1012 662 587 237 601.0407640085654 50 806 578.4289066082365 598 243
0 0 0 1 16 300 1012 662 587 237 601.0407640085654 50 806 578.4289066082365 598 243
0 0 0 1 16 300 1012 662 587 237 601.0407640085654 50 806 578.4289066082365 597 242
0 0 0 1 16 300 1012 662 587 237 601.0407640085654 50 806 578.4289066082365 597 241
0 0 0 1 16 300 1012 662 587 237 601.0407640085654 50 806 578.4289066082365 597 240
0 0 0 1 16 300 1012 662 587 237 601.0407640085654 50 806 578.4289066082365 597 240
0 0 0 1 16 300 1012 662 587 237 601.0407640085654 50 806 578.4289066082365 596 239
0 0 0 1 16 300 587 237 914 727 589.0916736807608 50 905 425.1458573242835 684 375
0 0 0 1 16 300 587 237 914 727 589.0916736807608 50 905 425.1458573242835 689 383
0 0 0 1 16 300 587 237 914 727 589.0916736807608 50 905 425.1458573242835 689 383
0 0 0 1 16 300 587 237 914 727 589.0916736807608 50 905 425.1458573242835 689 383
0 0 0 1 16 300 587 237 914 727 589.0916736807608 50 905 425.1458573242835 732 435
0 0 0 1 16 300 587 237 914 727 589.0916736807608 50 905 425.1458573242835 732 435
0 0 0 1 16 300 587 237 914 727 589.0916736807608 50 905 425.1458573242835 751 456
0 0 0 1 16 300 587 237 914 727 589.0916736807608 50 905 425.1458573242835 751 456
0 0 0 1 16 300 587 237 914 727 589.0916736807608 50 905 425.1458573242835 751 456
0 0 0 1 16 300 587 237 914 727 589.0916736807608 50 905 425.1458573242835 793 504
0 0 0 1 16 300 587 237 914 727 589.0916736807608 50 905 425.1458573242835 793 504
0 0 0 1 16 300 587 237 914 727 589.0916736807608 50 905 425.1458573242835 793 504
0 0 0 1 16 300 587 237 914 727 589.0916736807608 50 905 425.1458573242835 813 525
0 0 0 1 16 300 587 237 914 727 589.0916736807608 50 905 425.1458573242835 813 525
0 0 0 1 16 300 587 237 914 727 589.0916736807608 50 905 425.1458573242835 813 525
0 0 0 1 16 300 587 237 914 727 589.0916736807608 50 905 425.1458573242835 839 560
0 0 0 1 16 300 587 237 914 727 589.0916736807608 50 905 425.1458573242835 839 560
0 0 0 1 16 300 587 237 914 727 589.0916736807608 50 905 425.1458573242835 846 570
0 0 0 1 16 300 587 237 914 727 589.0916736807608 50 905 425.1458573242835 846 570
0 0 0 1 16 300 587 237 914 727 589.0916736807608 50 905 425.1458573242835 853 582
0 0 0 1 16 300 587 237 914 727 589.0916736807608 50 905 425.1458573242835 853 582
0 0 0 1 16 300 587 237 914 727 589.0916736807608 50 905 425.1458573242835 853 582
0 0 0 1 16 300 587 237 914 727 589.0916736807608 50 905 425.1458573242835 861 597
0 0 0 1 16 300 587 237 914 727 589.0916736807608 50 905 425.1458573242835 861 597
0 0 0 1 16 300 587 237 914 727 589.0916736807608 50 905 425.1458573242835 861 597
0 0 0 1 16 300 587 237 914 727 589.0916736807608 50 905 425.1458573242835 869 608
0 0 0 1 16 300 587 237 914 727 589.0916736807608 50 905 425.1458573242835 869 608
0 0 0 1 16 300 587 237 914 727 589.0916736807608 50 905 425.1458573242835 873 612
0 0 0 1 16 300 587 237 914 727 589.0916736807608 50 905 425.1458573242835 873 612
0 0 0 1 16 300 587 237 914 727 589.0916736807608 50 905 425.1458573242835 880 620
0 0 0 1 16 300 587 237 914 727 589.0916736807608 50 905 425.1458573242835 880 620
0 0 0 1 16 300 587 237 914 727 589.0916736807608 50 905 425.1458573242835 886 626
0 0 0 1 16 300 587 237 914 727 589.0916736807608 50 905 425.1458573242835 886 626
0 0 0 1 16 300 587 237 914 727 589.0916736807608 50 905 425.1458573242835 887 627
0 0 0 1 16 300 587 237 914 727 589.0916736807608 50 905 425.1458573242835 887 628
0 0 0 1 16 300 587 237 914 727 589.0916736807608 50 905 425.1458573242835 887 628
0 0 0 1 16 300 587 237 914 727 589.0916736807608 50 905 425.1458573242835 887 632
0 0 0 1 16 300 587 237 914 727 589.0916736807608 50 905 425.1458573242835 887 632
0 0 0 1 16 300 587 237 914 727 589.0916736807608 50 905 425.1458573242835 887 632
0 0 0 1 16 300 587 237 914 727 589.0916736807608 50 905 425.1458573242835 885 644
0 0 0 1 16 300 587 237 914 727 589.0916736807608 50 905 425.1458573242835 885 644
0 0 0 1 16 300 587 237 914 727 589.0916736807608 50 905 425.1458573242835 885 644
0 0 0 1 16 300 587 237 914 727 589.0916736807608 50 905 425.1458573242835 885 653
0 0 0 1 16 300 587 237 914 727 589.0916736807608 50 905 425.1458573242835 885 653
0 0 0 1 16 300 587 237 914 727 589.0916736807608 50 905 425.1458573242835 886 665
0 0 0 1 16 300 587 237 914 727 589.0916736807608 50 905 425.1458573242835 886 665
0 0 0 1 16 300 587 237 914 727 589.0916736807608 50 905 425.1458573242835 886 665
0 0 0 1 16 300 587 237 914 727 589.0916736807608 50 905 425.1458573242835 891 689
0 0 0 1 16 300 587 237 914 727 589.0916736807608 50 905 425.1458573242835 891 689
0 0 0 1 16 300 587 237 914 727 589.0916736807608 50 905 425.1458573242835 892 697
0 0 0 1 16 300 587 237 914 727 589.0916736807608 50 905 425.1458573242835 892 697
0 0 0 1 16 300 587 237 914 727 589.0916736807608 50 905 425.1458573242835 892 697
0 0 0 1 16 300 587 237 914 727 589.0916736807608 50 905 425.1458573242835 895 710
0 0 0 1 16 300 587 237 914 727 589.0916736807608 50 905 425.1458573242835 895 710
0 0 0 1 16 300 587 237 914 727 589.0916736807608 50 905 425.1458573242835 895 710
0 0 0 1 16 300 587 237 914 727 589.0916736807608 50 905 425.1458573242835 899 725
0 0 0 1 16 300 587 237 914 727 589.0916736807608 50 905 425.1458573242835 899 725
0 0 0 1 16 300 587 237 914 727 589.0916736807608 50 905 425.1458573242835 899 725
0 0 0 1 16 300 587 237 914 727 589.0916736807608 50 905 425.1458573242835 901 732
0 0 0 1 16 300 587 237 914 727 589.0916736807608 50 905 425.1458573242835 901 732
0 0 0 1 16 300 587 237 914 727 589.0916736807608 50 905 425.1458573242835 901 734
0 0 0 1 16 300 587 237 914 727 589.0916736807608 50 905 425.1458573242835 901 734
0 0 0 1 16 300 587 237 914 727 589.0916736807608 50 905 425.1458573242835 902 737
0 0 0 1 16 300 587 237 914 727 589.0916736807608 50 905 425.1458573242835 902 737
0 0 0 1 16 300 587 237 914 727 589.0916736807608 50 905 425.1458573242835 902 739
0 0 0 1 16 300 587 237 914 727 589.0916736807608 50 905 425.1458573242835 902 740
0 0 0 1 16 300 914 727 685 172 600.3882077456219 50 939 500.9590801652366 883 618
0 0 0 1 16 300 914 727 685 172 600.3882077456219 50 939 500.9590801652366 878 604
0 0 0 1 16 300 914 727 685 172 600.3882077456219 50 939 500.9590801652366 878 604
0 0 0 1 16 300 914 727 685 172 600.3882077456219 50 939 500.9590801652366 858 539
0 0 0 1 16 300 914 727 685 172 600.3882077456219 50 939 500.9590801652366 858 539
0 0 0 1 16 300 914 727 685 172 600.3882077456219 50 939 500.9590801652366 858 539
0 0 0 1 16 300 914 727 685 172 600.3882077456219 50 939 500.9590801652366 838 473
0 0 0 1 16 300 914 727 685 172 600.3882077456219 50 939 500.9590801652366 838 473
0 0 0 1 16 300 914 727 685 172 600.3882077456219 50 939 500.9590801652366 838 473
0 0 0 1 16 300 914 727 685 172 600.3882077456219 50 939 500.9590801652366 827 440
0 0 0 1 16 300 914 727 685 172 600.3882077456219 50 939 500.9590801652366 827 440
0 0 0 1 16 300 914 727 685 172 600.3882077456219 50 939 500.9590801652366 812 401
0 0 0 1 16 300 914 727 685 172 600.3882077456219 50 939 500.9590801652366 812 401
0 0 0 1 16 300 914 727 685 172 600.3882077456219 50 939 500.9590801652366 812 401
0 0 0 1 16 300 914 727 685 172 600.3882077456219 50 939 500.9590801652366 794 359
0 0 0 1 16 300 914 727 685 172 600.3882077456219 50 939 500.9590801652366 794 359
0 0 0 1 16 300 914 727 685 172 600.3882077456219 50 939 500.9590801652366 794 359
0 0 0 1 16 300 914 727 685 172 600.3882077456219 50 939 500.9590801652366 784 337
0 0 0 1 16 300 914 727 685 172 600.3882077456219 50 939 500.9590801652366 784 337
0 0 0 1 16 300 914 727 685 172 600.3882077456219 50 939 500.9590801652366 775 318
0 0 0 1 16 300 914 727 685 172 600.3882077456219 50 939 500.9590801652366 775 318
0 0 0 1 16 300 914 727 685 172 600.3882077456219 50 939 500.9590801652366 775 318
0 0 0 1 16 300 914 727 685 172 600.3882077456219 50 939 500.9590801652366 763 295
0 0 0 1 16 300 914 727 685 172 600.3882077456219 50 939 500.9590801652366 763 295
0 0 0 1 16 300 914 727 685 172 600.3882077456219 50 939 500.9590801652366 759 287
0 0 0 1 16 300 914 727 685 172 600.3882077456219 50 939 500.9590801652366 759 287
0 0 0 1 16 300 914 727 685 172 600.3882077456219 50 939 500.9590801652366 759 287
0 0 0 1 16 300 914 727 685 172 600.3882077456219 50 939 500.9590801652366 752 277
0 0 0 1 16 300 914 727 685 172 600.3882077456219 50 939 500.9590801652366 752 277
0 0 0 1 16 300 914 727 685 172 600.3882077456219 50 939 500.9590801652366 746 267
0 0 0 1 16 300 914 727 685 172 600.3882077456219 50 939 500.9590801652366 746 267
0 0 0 1 16 300 914 727 685 172 600.3882077456219 50 939 500.9590801652366 746 267
0 0 0 1 16 300 914 727 685 172 600.3882077456219 50 939 500.9590801652366 743 261
0 0 0 1 16 300 914 727 685 172 600.3882077456219 50 939 500.9590801652366 743 261
0 0 0 1 16 300 914 727 685 172 600.3882077456219 50 939 500.9590801652366 743 261
0 0 0 1 16 300 914 727 685 172 600.3882077456219 50 939 500.9590801652366 741 256
0 0 0 1 16 300 914 727 685 172 600.3882077456219 50 939 500.9590801652366 741 256
0 0 0 1 16 300 914 727 685 172 600.3882077456219 50 939 500.9590801652366 740 249
0 0 0 1 16 300 914 727 685 172 600.3882077456219 50 939 500.9590801652366 740 249
0 0 0 1 16 300 914 727 685 172 600.3882077456219 50 939 500.9590801652366 739 240
0 0 0 1 16 300 914 727 685 172 600.3882077456219 50 939 500.9590801652366 739 238
0 0 0 1 16 300 914 727 685 172 600.3882077456219 50 939 500.9590801652366 739 238
0 0 0 1 16 300 914 727 685 172 600.3882077456219 50 939 500.9590801652366 734 236
0 0 0 1 16 300 914 727 685 172 600.3882077456219 50 939 500.9590801652366 734 236
0 0 0 1 16 300 914 727 685 172 600.3882077456219 50 939 500.9590801652366 729 230
0 0 0 1 16 300 914 727 685 172 600.3882077456219 50 939 500.9590801652366 729 230
0 0 0 1 16 300 914 727 685 172 600.3882077456219 50 939 500.9590801652366 729 230
0 0 0 1 16 300 914 727 685 172 600.3882077456219 50 939 500.9590801652366 717 219
0 0 0 1 16 300 914 727 685 172 600.3882077456219 50 939 500.9590801652366 717 219
0 0 0 1 16 300 914 727 685 172 600.3882077456219 50 939 500.9590801652366 717 219
0 0 0 1 16 300 914 727 685 172 600.3882077456219 50 939 500.9590801652366 693 194
0 0 0 1 16 300 914 727 685 172 600.3882077456219 50 939 500.9590801652366 693 194
0 0 0 1 16 300 914 727 685 172 600.3882077456219 50 939 500.9590801652366 693 194
0 0 0 1 16 300 914 727 685 172 600.3882077456219 50 939 500.9590801652366 682 179
0 0 0 1 16 300 914 727 685 172 600.3882077456219 50 939 500.9590801652366 682 179
0 0 0 1 16 300 914 727 685 172 600.3882077456219 50 939 500.9590801652366 673 169
0 0 0 1 16 300 914 727 685 172 600.3882077456219 50 939 500.9590801652366 673 169
0 0 0 1 16 300 914 727 685 172 600.3882077456219 50 939 500.9590801652366 673 169
0 0 0 1 16 300 914 727 685 172 600.3882077456219 50 939 500.9590801652366 666 160
0 0 0 1 16 300 914 727 685 172 600.3882077456219 50 939 500.9590801652366 665 158
0 0 0 1 16 300 914 727 685 172 600.3882077456219 50 939 500.9590801652366 665 158
0 0 0 1 16 300 914 727 685 172 600.3882077456219 50 939 500.9590801652366 664 157
0 0 0 1 16 300 914 727 685 172 600.3882077456219 50 939 500.9590801652366 664 156
0 0 0 1 16 300 914 727 685 172 600.3882077456219 50 939 500.9590801652366 663 156
0 0 0 1 16 300 914 727 685 172 600.3882077456219 50 939 500.9590801652366 662 156
0 0 0 1 16 300 914 727 685 172 600.3882077456219 50 939 500.9590801652366 662 157
0 0 0 1 16 300 914 727 685 172 600.3882077456219 50 939 500.9590801652366 663 158
0 0 0 1 16 300 914 727 685 172 600.3882077456219 50 939 500.9590801652366 663 159
0 0 0 1 16 300 914 727 685 172 600.3882077456219 50 939 500.9590801652366 663 159
0 0 0 1 16 300 914 727 685 172 600.3882077456219 50 939 500.9590801652366 665 161
0 0 0 1 16 300 914 727 685 172 600.3882077456219 50 939 500.9590801652366 665 161
0 0 0 1 16 300 914 727 685 172 600.3882077456219 50 939 500.9590801652366 667 166
0 0 0 1 16 300 914 727 685 172 600.3882077456219 50 939 500.9590801652366 667 166
