NumberDevice UserId Block NumberClicks NumberCircles DistanceCenter PixelStartCircleX PixelStartCircleY PixelEndCircleX PixelEndCircleY DistanceStartEndCircles TargerWidth ElapsedTime DistanceFirstLastPixel MouseX MouseY
0 0 0 1 16 300 640 107 640 707 600.0 50 1086 553.0036166247016 640 168
0 0 0 1 16 300 640 107 640 707 600.0 50 1086 553.0036166247016 640 190
0 0 0 1 16 300 640 107 640 707 600.0 50 1086 553.0036166247016 642 208
0 0 0 1 16 300 640 107 640 707 600.0 50 1086 553.0036166247016 645 234
0 0 0 1 16 300 640 107 640 707 600.0 50 1086 553.0036166247016 649 262
0 0 0 1 16 300 640 107 640 707 600.0 50 1086 553.0036166247016 652 292
0 0 0 1 16 300 640 107 640 707 600.0 50 1086 553.0036166247016 657 330
0 0 0 1 16 300 640 107 640 707 600.0 50 1086 553.0036166247016 659 368
0 0 0 1 16 300 640 107 640 707 600.0 50 1086 553.0036166247016 662 405
0 0 0 1 16 300 640 107 640 707 600.0 50 1086 553.0036166247016 663 446
0 0 0 1 16 300 640 107 640 707 600.0 50 1086 553.0036166247016 663 485
0 0 0 1 16 300 640 107 640 707 600.0 50 1086 553.0036166247016 663 524
0 0 0 1 16 300 640 107 640 707 600.0 50 1086 553.0036166247016 662 563
0 0 0 1 16 300 640 107 640 707 600.0 50 1086 553.0036166247016 657 600
0 0 0 1 16 300 640 107 640 707 600.0 50 1086 553.0036166247016 650 633
0 0 0 1 16 300 640 107 640 707 600.0 50 1086 553.0036166247016 643 659
0 0 0 1 16 300 640 107 640 707 600.0 50 1086 553.0036166247016 640 681
0 0 0 1 16 300 640 107 640 707 600.0 50 1086 553.0036166247016 638 698
0 0 0 1 16 300 640 107 640 707 600.0 50 1086 553.0036166247016 638 717
0 0 0 1 16 300 640 107 640 707 600.0 50 1086 553.0036166247016 638 730
0 0 0 1 16 300 640 107 640 707 600.0 50 1086 553.0036166247016 637 742
0 0 0 1 16 300 640 107 640 707 600.0 50 1086 553.0036166247016 636 748
0 0 0 1 16 300 640 107 640 707 600.0 50 1086 553.0036166247016 636 752
0 0 0 1 16 300 640 107 640 707 600.0 50 1086 553.0036166247016 635 756
0 0 0 1 16 300 640 107 640 707 600.0 50 1086 553.0036166247016 635 761
0 0 0 1 16 300 640 107 640 707 600.0 50 1086 553.0036166247016 635 764
0 0 0 1 16 300 640 107 640 707 600.0 50 1086 553.0036166247016 635 766
0 0 0 1 16 300 640 107 640 707 600.0 50 1086 553.0036166247016 635 767
0 0 0 1 16 300 640 107 640 707 600.0 50 1086 553.0036166247016 634 768
0 0 0 1 16 300 640 107 640 707 600.0 50 1086 553.0036166247016 634 767
0 0 0 1 16 300 640 107 640 707 600.0 50 1086 553.0036166247016 634 765
0 0 0 1 16 300 640 107 640 707 600.0 50 1086 553.0036166247016 634 759
0 0 0 1 16 300 640 107 640 707 600.0 50 1086 553.0036166247016 636 750
0 0 0 1 16 300 640 107 640 707 600.0 50 1086 553.0036166247016 637 743
0 0 0 1 16 300 640 107 640 707 600.0 50 1086 553.0036166247016 638 739
0 0 0 1 16 300 640 107 640 707 600.0 50 1086 553.0036166247016 638 736
0 0 0 1 16 300 640 107 640 707 600.0 50 1086 553.0036166247016 638 733
0 0 0 1 16 300 640 107 640 707 600.0 50 1086 553.0036166247016 638 732
0 0 0 1 16 300 640 107 640 707 600.0 50 1086 553.0036166247016 638 731
0 0 0 1 16 300 640 107 640 707 600.0 50 1086 553.0036166247016 638 730
0 0 0 1 16 300 640 107 640 707 600.0 50 1086 553.0036166247016 638 729
0 0 0 1 16 300 640 107 640 707 600.0 50 1086 553.0036166247016 638 728
0 0 0 1 16 300 640 107 640 707 600.0 50 1086 553.0036166247016 638 727
0 0 0 1 16 300 640 107 640 707 600.0 50 1086 553.0036166247016 638 726
0 0 0 1 16 300 640 107 640 707 600.0 50 1086 553.0036166247016 638 724
0 0 0 1 16 300 640 107 640 707 600.0 50 1086 553.0036166247016 638 723
0 0 0 1 16 300 640 107 640 707 600.0 50 1086 553.0036166247016 638 722
0 0 0 1 16 300 640 107 640 707 600.0 50 1086 553.0036166247016 638 721
