NumberDevice UserId Block NumberClicks NumberCircles DistanceCenter PixelStartCircleX PixelStartCircleY PixelEndCircleX PixelEndCircleY DistanceStartEndCircles TargerWidth ElapsedTime DistanceFirstLastPixel MouseX MouseY
0 0 0 1 16 300 640 107 640 707 600.0 50 1155 617.0656367032602 642 106
0 0 0 1 16 300 640 107 640 707 600.0 50 1155 617.0656367032602 642 108
0 0 0 1 16 300 640 107 640 707 600.0 50 1155 617.0656367032602 643 110
0 0 0 1 16 300 640 107 640 707 600.0 50 1155 617.0656367032602 643 113
0 0 0 1 16 300 640 107 640 707 600.0 50 1155 617.0656367032602 643 128
0 0 0 1 16 300 640 107 640 707 600.0 50 1155 617.0656367032602 642 147
0 0 0 1 16 300 640 107 640 707 600.0 50 1155 617.0656367032602 639 172
0 0 0 1 16 300 640 107 640 707 600.0 50 1155 617.0656367032602 634 200
0 0 0 1 16 300 640 107 640 707 600.0 50 1155 617.0656367032602 631 237
0 0 0 1 16 300 640 107 640 707 600.0 50 1155 617.0656367032602 626 276
0 0 0 1 16 300 640 107 640 707 600.0 50 1155 617.0656367032602 622 312
0 0 0 1 16 300 640 107 640 707 600.0 50 1155 617.0656367032602 618 351
0 0 0 1 16 300 640 107 640 707 600.0 50 1155 617.0656367032602 614 387
0 0 0 1 16 300 640 107 640 707 600.0 50 1155 617.0656367032602 613 428
0 0 0 1 16 300 640 107 640 707 600.0 50 1155 617.0656367032602 610 476
0 0 0 1 16 300 640 107 640 707 600.0 50 1155 617.0656367032602 606 520
0 0 0 1 16 300 640 107 640 707 600.0 50 1155 617.0656367032602 604 562
0 0 0 1 16 300 640 107 640 707 600.0 50 1155 617.0656367032602 604 605
0 0 0 1 16 300 640 107 640 707 600.0 50 1155 617.0656367032602 604 640
0 0 0 1 16 300 640 107 640 707 600.0 50 1155 617.0656367032602 605 664
0 0 0 1 16 300 640 107 640 707 600.0 50 1155 617.0656367032602 606 685
0 0 0 1 16 300 640 107 640 707 600.0 50 1155 617.0656367032602 607 702
0 0 0 1 16 300 640 107 640 707 600.0 50 1155 617.0656367032602 609 715
0 0 0 1 16 300 640 107 640 707 600.0 50 1155 617.0656367032602 611 726
0 0 0 1 16 300 640 107 640 707 600.0 50 1155 617.0656367032602 611 733
0 0 0 1 16 300 640 107 640 707 600.0 50 1155 617.0656367032602 612 736
0 0 0 1 16 300 640 107 640 707 600.0 50 1155 617.0656367032602 613 740
0 0 0 1 16 300 640 107 640 707 600.0 50 1155 617.0656367032602 614 742
0 0 0 1 16 300 640 107 640 707 600.0 50 1155 617.0656367032602 615 742
0 0 0 1 16 300 640 107 640 707 600.0 50 1155 617.0656367032602 616 742
0 0 0 1 16 300 640 107 640 707 600.0 50 1155 617.0656367032602 617 742
0 0 0 1 16 300 640 107 640 707 600.0 50 1155 617.0656367032602 619 740
0 0 0 1 16 300 640 107 640 707 600.0 50 1155 617.0656367032602 622 737
0 0 0 1 16 300 640 107 640 707 600.0 50 1155 617.0656367032602 625 733
0 0 0 1 16 300 640 107 640 707 600.0 50 1155 617.0656367032602 628 730
0 0 0 1 16 300 640 107 640 707 600.0 50 1155 617.0656367032602 629 728
0 0 0 1 16 300 640 107 640 707 600.0 50 1155 617.0656367032602 630 726
0 0 0 1 16 300 640 107 640 707 600.0 50 1155 617.0656367032602 631 725
0 0 0 1 16 300 640 107 640 707 600.0 50 1155 617.0656367032602 631 724
0 0 0 1 16 300 640 107 640 707 600.0 50 1155 617.0656367032602 632 724
0 0 0 1 16 300 640 107 640 707 600.0 50 1155 617.0656367032602 632 724
0 0 0 1 16 300 640 107 640 707 600.0 50 1155 617.0656367032602 633 724
0 0 0 1 16 300 640 107 640 707 600.0 50 1155 617.0656367032602 633 723
0 0 0 1 16 300 640 707 754 129 589.1349590713489 50 621 407.3389252207552 679 540
0 0 0 1 16 300 640 707 754 129 589.1349590713489 50 621 407.3389252207552 693 489
0 0 0 1 16 300 640 707 754 129 589.1349590713489 50 621 407.3389252207552 708 441
0 0 0 1 16 300 640 707 754 129 589.1349590713489 50 621 407.3389252207552 720 396
0 0 0 1 16 300 640 707 754 129 589.1349590713489 50 621 407.3389252207552 720 396
0 0 0 1 16 300 640 707 754 129 589.1349590713489 50 621 407.3389252207552 736 331
0 0 0 1 16 300 640 707 754 129 589.1349590713489 50 621 407.3389252207552 745 302
0 0 0 1 16 300 640 707 754 129 589.1349590713489 50 621 407.3389252207552 753 278
0 0 0 1 16 300 640 707 754 129 589.1349590713489 50 621 407.3389252207552 753 278
0 0 0 1 16 300 640 707 754 129 589.1349590713489 50 621 407.3389252207552 765 231
0 0 0 1 16 300 640 707 754 129 589.1349590713489 50 621 407.3389252207552 768 208
0 0 0 1 16 300 640 707 754 129 589.1349590713489 50 621 407.3389252207552 769 188
0 0 0 1 16 300 640 707 754 129 589.1349590713489 50 621 407.3389252207552 769 188
0 0 0 1 16 300 640 707 754 129 589.1349590713489 50 621 407.3389252207552 773 155
0 0 0 1 16 300 640 707 754 129 589.1349590713489 50 621 407.3389252207552 777 144
0 0 0 1 16 300 640 707 754 129 589.1349590713489 50 621 407.3389252207552 778 141
0 0 0 1 16 300 640 707 754 129 589.1349590713489 50 621 407.3389252207552 778 141
0 0 0 1 16 300 640 707 754 129 589.1349590713489 50 621 407.3389252207552 777 143
0 0 0 1 16 300 640 707 754 129 589.1349590713489 50 621 407.3389252207552 777 143
0 0 0 1 16 300 640 707 754 129 589.1349590713489 50 621 407.3389252207552 775 145
0 0 0 1 16 300 640 707 754 129 589.1349590713489 50 621 407.3389252207552 775 145
0 0 0 1 16 300 640 707 754 129 589.1349590713489 50 621 407.3389252207552 771 146
0 0 0 1 16 300 640 707 754 129 589.1349590713489 50 621 407.3389252207552 767 145
0 0 0 1 16 300 640 707 754 129 589.1349590713489 50 621 407.3389252207552 766 144
0 0 0 1 16 300 640 707 754 129 589.1349590713489 50 621 407.3389252207552 766 144
0 0 0 1 16 300 640 707 754 129 589.1349590713489 50 621 407.3389252207552 762 142
0 0 0 1 16 300 640 707 754 129 589.1349590713489 50 621 407.3389252207552 761 141
0 0 0 1 16 300 754 129 525 684 600.3882077456219 50 604 444.091206848323 707 283
0 0 0 1 16 300 754 129 525 684 600.3882077456219 50 604 444.091206848323 693 313
0 0 0 1 16 300 754 129 525 684 600.3882077456219 50 604 444.091206848323 679 348
0 0 0 1 16 300 754 129 525 684 600.3882077456219 50 604 444.091206848323 660 386
0 0 0 1 16 300 754 129 525 684 600.3882077456219 50 604 444.091206848323 640 423
0 0 0 1 16 300 754 129 525 684 600.3882077456219 50 604 444.091206848323 617 463
0 0 0 1 16 300 754 129 525 684 600.3882077456219 50 604 444.091206848323 597 499
0 0 0 1 16 300 754 129 525 684 600.3882077456219 50 604 444.091206848323 584 529
0 0 0 1 16 300 754 129 525 684 600.3882077456219 50 604 444.091206848323 570 553
0 0 0 1 16 300 754 129 525 684 600.3882077456219 50 604 444.091206848323 557 575
0 0 0 1 16 300 754 129 525 684 600.3882077456219 50 604 444.091206848323 545 597
0 0 0 1 16 300 754 129 525 684 600.3882077456219 50 604 444.091206848323 531 620
0 0 0 1 16 300 754 129 525 684 600.3882077456219 50 604 444.091206848323 519 639
0 0 0 1 16 300 754 129 525 684 600.3882077456219 50 604 444.091206848323 510 652
0 0 0 1 16 300 754 129 525 684 600.3882077456219 50 604 444.091206848323 502 661
0 0 0 1 16 300 754 129 525 684 600.3882077456219 50 604 444.091206848323 498 665
0 0 0 1 16 300 754 129 525 684 600.3882077456219 50 604 444.091206848323 493 669
0 0 0 1 16 300 754 129 525 684 600.3882077456219 50 604 444.091206848323 490 673
0 0 0 1 16 300 754 129 525 684 600.3882077456219 50 604 444.091206848323 488 677
0 0 0 1 16 300 754 129 525 684 600.3882077456219 50 604 444.091206848323 486 678
0 0 0 1 16 300 754 129 525 684 600.3882077456219 50 604 444.091206848323 485 680
0 0 0 1 16 300 754 129 525 684 600.3882077456219 50 604 444.091206848323 486 680
0 0 0 1 16 300 754 129 525 684 600.3882077456219 50 604 444.091206848323 487 680
0 0 0 1 16 300 754 129 525 684 600.3882077456219 50 604 444.091206848323 489 680
0 0 0 1 16 300 754 129 525 684 600.3882077456219 50 604 444.091206848323 491 679
0 0 0 1 16 300 754 129 525 684 600.3882077456219 50 604 444.091206848323 493 679
0 0 0 1 16 300 754 129 525 684 600.3882077456219 50 604 444.091206848323 498 679
0 0 0 1 16 300 754 129 525 684 600.3882077456219 50 604 444.091206848323 502 679
0 0 0 1 16 300 754 129 525 684 600.3882077456219 50 604 444.091206848323 506 679
0 0 0 1 16 300 525 684 852 194 589.0916736807608 50 871 439.65895873961216 597 560
0 0 0 1 16 300 525 684 852 194 589.0916736807608 50 871 439.65895873961216 633 519
0 0 0 1 16 300 525 684 852 194 589.0916736807608 50 871 439.65895873961216 670 477
0 0 0 1 16 300 525 684 852 194 589.0916736807608 50 871 439.65895873961216 706 442
0 0 0 1 16 300 525 684 852 194 589.0916736807608 50 871 439.65895873961216 727 416
0 0 0 1 16 300 525 684 852 194 589.0916736807608 50 871 439.65895873961216 746 392
0 0 0 1 16 300 525 684 852 194 589.0916736807608 50 871 439.65895873961216 759 373
0 0 0 1 16 300 525 684 852 194 589.0916736807608 50 871 439.65895873961216 769 360
0 0 0 1 16 300 525 684 852 194 589.0916736807608 50 871 439.65895873961216 773 348
0 0 0 1 16 300 525 684 852 194 589.0916736807608 50 871 439.65895873961216 777 338
0 0 0 1 16 300 525 684 852 194 589.0916736807608 50 871 439.65895873961216 781 332
0 0 0 1 16 300 525 684 852 194 589.0916736807608 50 871 439.65895873961216 783 326
0 0 0 1 16 300 525 684 852 194 589.0916736807608 50 871 439.65895873961216 786 321
0 0 0 1 16 300 525 684 852 194 589.0916736807608 50 871 439.65895873961216 788 318
0 0 0 1 16 300 525 684 852 194 589.0916736807608 50 871 439.65895873961216 789 316
0 0 0 1 16 300 525 684 852 194 589.0916736807608 50 871 439.65895873961216 790 316
0 0 0 1 16 300 525 684 852 194 589.0916736807608 50 871 439.65895873961216 791 316
0 0 0 1 16 300 525 684 852 194 589.0916736807608 50 871 439.65895873961216 794 314
0 0 0 1 16 300 525 684 852 194 589.0916736807608 50 871 439.65895873961216 802 308
0 0 0 1 16 300 525 684 852 194 589.0916736807608 50 871 439.65895873961216 807 301
0 0 0 1 16 300 525 684 852 194 589.0916736807608 50 871 439.65895873961216 814 292
0 0 0 1 16 300 525 684 852 194 589.0916736807608 50 871 439.65895873961216 821 281
0 0 0 1 16 300 525 684 852 194 589.0916736807608 50 871 439.65895873961216 828 271
0 0 0 1 16 300 525 684 852 194 589.0916736807608 50 871 439.65895873961216 833 262
0 0 0 1 16 300 525 684 852 194 589.0916736807608 50 871 439.65895873961216 837 254
0 0 0 1 16 300 525 684 852 194 589.0916736807608 50 871 439.65895873961216 840 247
0 0 0 1 16 300 525 684 852 194 589.0916736807608 50 871 439.65895873961216 843 241
0 0 0 1 16 300 525 684 852 194 589.0916736807608 50 871 439.65895873961216 845 237
0 0 0 1 16 300 525 684 852 194 589.0916736807608 50 871 439.65895873961216 846 234
0 0 0 1 16 300 525 684 852 194 589.0916736807608 50 871 439.65895873961216 846 231
0 0 0 1 16 300 525 684 852 194 589.0916736807608 50 871 439.65895873961216 847 230
0 0 0 1 16 300 525 684 852 194 589.0916736807608 50 871 439.65895873961216 847 229
0 0 0 1 16 300 525 684 852 194 589.0916736807608 50 871 439.65895873961216 848 227
0 0 0 1 16 300 525 684 852 194 589.0916736807608 50 871 439.65895873961216 848 226
0 0 0 1 16 300 525 684 852 194 589.0916736807608 50 871 439.65895873961216 848 226
0 0 0 1 16 300 525 684 852 194 589.0916736807608 50 871 439.65895873961216 849 225
0 0 0 1 16 300 525 684 852 194 589.0916736807608 50 871 439.65895873961216 849 220
0 0 0 1 16 300 525 684 852 194 589.0916736807608 50 871 439.65895873961216 851 218
0 0 0 1 16 300 525 684 852 194 589.0916736807608 50 871 439.65895873961216 852 214
0 0 0 1 16 300 525 684 852 194 589.0916736807608 50 871 439.65895873961216 853 212
0 0 0 1 16 300 525 684 852 194 589.0916736807608 50 871 439.65895873961216 854 210
0 0 0 1 16 300 525 684 852 194 589.0916736807608 50 871 439.65895873961216 854 207
0 0 0 1 16 300 525 684 852 194 589.0916736807608 50 871 439.65895873961216 855 206
0 0 0 1 16 300 525 684 852 194 589.0916736807608 50 871 439.65895873961216 855 204
