NumberDevice UserId Block NumberClicks NumberCircles DistanceCenter PixelStartCircleX PixelStartCircleY PixelEndCircleX PixelEndCircleY DistanceStartEndCircles TargerWidth ElapsedTime DistanceFirstLastPixel MouseX MouseY
0 0 0 1 16 300 640 105 640 705 600.0 50 1787 613.1378311603354 646 100
0 0 0 1 16 300 640 105 640 705 600.0 50 1787 613.1378311603354 646 101
0 0 0 1 16 300 640 105 640 705 600.0 50 1787 613.1378311603354 647 102
0 0 0 1 16 300 640 105 640 705 600.0 50 1787 613.1378311603354 647 102
0 0 0 1 16 300 640 105 640 705 600.0 50 1787 613.1378311603354 648 111
0 0 0 1 16 300 640 105 640 705 600.0 50 1787 613.1378311603354 648 111
0 0 0 1 16 300 640 105 640 705 600.0 50 1787 613.1378311603354 651 127
0 0 0 1 16 300 640 105 640 705 600.0 50 1787 613.1378311603354 653 140
0 0 0 1 16 300 640 105 640 705 600.0 50 1787 613.1378311603354 654 162
0 0 0 1 16 300 640 105 640 705 600.0 50 1787 613.1378311603354 657 188
0 0 0 1 16 300 640 105 640 705 600.0 50 1787 613.1378311603354 664 223
0 0 0 1 16 300 640 105 640 705 600.0 50 1787 613.1378311603354 664 223
0 0 0 1 16 300 640 105 640 705 600.0 50 1787 613.1378311603354 678 320
0 0 0 1 16 300 640 105 640 705 600.0 50 1787 613.1378311603354 678 369
0 0 0 1 16 300 640 105 640 705 600.0 50 1787 613.1378311603354 677 406
0 0 0 1 16 300 640 105 640 705 600.0 50 1787 613.1378311603354 674 434
0 0 0 1 16 300 640 105 640 705 600.0 50 1787 613.1378311603354 668 455
0 0 0 1 16 300 640 105 640 705 600.0 50 1787 613.1378311603354 664 475
0 0 0 1 16 300 640 105 640 705 600.0 50 1787 613.1378311603354 658 500
0 0 0 1 16 300 640 105 640 705 600.0 50 1787 613.1378311603354 651 525
0 0 0 1 16 300 640 105 640 705 600.0 50 1787 613.1378311603354 647 549
0 0 0 1 16 300 640 105 640 705 600.0 50 1787 613.1378311603354 643 562
0 0 0 1 16 300 640 105 640 705 600.0 50 1787 613.1378311603354 642 568
0 0 0 1 16 300 640 105 640 705 600.0 50 1787 613.1378311603354 642 568
0 0 0 1 16 300 640 105 640 705 600.0 50 1787 613.1378311603354 638 587
0 0 0 1 16 300 640 105 640 705 600.0 50 1787 613.1378311603354 636 597
0 0 0 1 16 300 640 105 640 705 600.0 50 1787 613.1378311603354 633 603
0 0 0 1 16 300 640 105 640 705 600.0 50 1787 613.1378311603354 633 603
0 0 0 1 16 300 640 105 640 705 600.0 50 1787 613.1378311603354 629 613
0 0 0 1 16 300 640 105 640 705 600.0 50 1787 613.1378311603354 628 621
0 0 0 1 16 300 640 105 640 705 600.0 50 1787 613.1378311603354 626 630
0 0 0 1 16 300 640 105 640 705 600.0 50 1787 613.1378311603354 625 638
0 0 0 1 16 300 640 105 640 705 600.0 50 1787 613.1378311603354 623 646
0 0 0 1 16 300 640 105 640 705 600.0 50 1787 613.1378311603354 622 653
0 0 0 1 16 300 640 105 640 705 600.0 50 1787 613.1378311603354 620 661
0 0 0 1 16 300 640 105 640 705 600.0 50 1787 613.1378311603354 620 669
0 0 0 1 16 300 640 105 640 705 600.0 50 1787 613.1378311603354 619 677
0 0 0 1 16 300 640 105 640 705 600.0 50 1787 613.1378311603354 619 686
0 0 0 1 16 300 640 105 640 705 600.0 50 1787 613.1378311603354 620 694
0 0 0 1 16 300 640 105 640 705 600.0 50 1787 613.1378311603354 620 694
0 0 0 1 16 300 640 105 640 705 600.0 50 1787 613.1378311603354 622 703
0 0 0 1 16 300 640 105 640 705 600.0 50 1787 613.1378311603354 624 706
0 0 0 1 16 300 640 105 640 705 600.0 50 1787 613.1378311603354 625 710
0 0 0 1 16 300 640 105 640 705 600.0 50 1787 613.1378311603354 627 712
0 0 0 1 16 300 640 105 640 705 600.0 50 1787 613.1378311603354 628 713
0 0 0 1 16 300 640 105 640 705 600.0 50 1787 613.1378311603354 629 713
0 0 0 1 16 300 640 105 640 705 600.0 50 1787 613.1378311603354 630 714
0 0 0 1 16 300 640 105 640 705 600.0 50 1787 613.1378311603354 630 715
0 0 0 1 16 300 640 105 640 705 600.0 50 1787 613.1378311603354 631 715
0 0 0 1 16 300 640 105 640 705 600.0 50 1787 613.1378311603354 631 715
0 0 0 1 16 300 640 105 640 705 600.0 50 1787 613.1378311603354 633 713
0 0 0 3 16 300 640 705 754 127 589.1349590713489 50 12471 578.3744461851682 634 713
0 0 0 3 16 300 640 705 754 127 589.1349590713489 50 12471 578.3744461851682 634 712
0 0 0 3 16 300 640 705 754 127 589.1349590713489 50 12471 578.3744461851682 632 711
0 0 0 3 16 300 640 705 754 127 589.1349590713489 50 12471 578.3744461851682 625 709
0 0 0 3 16 300 640 705 754 127 589.1349590713489 50 12471 578.3744461851682 611 705
0 0 0 3 16 300 640 705 754 127 589.1349590713489 50 12471 578.3744461851682 592 701
0 0 0 3 16 300 640 705 754 127 589.1349590713489 50 12471 578.3744461851682 569 696
0 0 0 3 16 300 640 705 754 127 589.1349590713489 50 12471 578.3744461851682 544 691
0 0 0 3 16 300 640 705 754 127 589.1349590713489 50 12471 578.3744461851682 515 683
0 0 0 3 16 300 640 705 754 127 589.1349590713489 50 12471 578.3744461851682 476 670
0 0 0 3 16 300 640 705 754 127 589.1349590713489 50 12471 578.3744461851682 434 653
0 0 0 3 16 300 640 705 754 127 589.1349590713489 50 12471 578.3744461851682 393 635
0 0 0 3 16 300 640 705 754 127 589.1349590713489 50 12471 578.3744461851682 358 612
0 0 0 3 16 300 640 705 754 127 589.1349590713489 50 12471 578.3744461851682 345 590
0 0 0 3 16 300 640 705 754 127 589.1349590713489 50 12471 578.3744461851682 349 561
0 0 0 3 16 300 640 705 754 127 589.1349590713489 50 12471 578.3744461851682 367 535
0 0 0 3 16 300 640 705 754 127 589.1349590713489 50 12471 578.3744461851682 368 533
0 0 0 3 16 300 640 705 754 127 589.1349590713489 50 12471 578.3744461851682 366 530
0 0 0 3 16 300 640 705 754 127 589.1349590713489 50 12471 578.3744461851682 358 521
0 0 0 3 16 300 640 705 754 127 589.1349590713489 50 12471 578.3744461851682 338 492
0 0 0 3 16 300 640 705 754 127 589.1349590713489 50 12471 578.3744461851682 313 453
0 0 0 3 16 300 640 705 754 127 589.1349590713489 50 12471 578.3744461851682 291 403
0 0 0 3 16 300 640 705 754 127 589.1349590713489 50 12471 578.3744461851682 272 348
0 0 0 3 16 300 640 705 754 127 589.1349590713489 50 12471 578.3744461851682 259 297
0 0 0 3 16 300 640 705 754 127 589.1349590713489 50 12471 578.3744461851682 246 252
0 0 0 3 16 300 640 705 754 127 589.1349590713489 50 12471 578.3744461851682 231 204
0 0 0 3 16 300 640 705 754 127 589.1349590713489 50 12471 578.3744461851682 214 164
0 0 0 3 16 300 640 705 754 127 589.1349590713489 50 12471 578.3744461851682 202 136
0 0 0 3 16 300 640 705 754 127 589.1349590713489 50 12471 578.3744461851682 192 113
0 0 0 3 16 300 640 705 754 127 589.1349590713489 50 12471 578.3744461851682 185 100
0 0 0 3 16 300 640 705 754 127 589.1349590713489 50 12471 578.3744461851682 179 95
0 0 0 3 16 300 640 705 754 127 589.1349590713489 50 12471 578.3744461851682 168 85
0 0 0 3 16 300 640 705 754 127 589.1349590713489 50 12471 578.3744461851682 158 78
0 0 0 3 16 300 640 705 754 127 589.1349590713489 50 12471 578.3744461851682 147 71
0 0 0 3 16 300 640 705 754 127 589.1349590713489 50 12471 578.3744461851682 144 69
0 0 0 3 16 300 640 705 754 127 589.1349590713489 50 12471 578.3744461851682 143 68
0 0 0 3 16 300 640 705 754 127 589.1349590713489 50 12471 578.3744461851682 139 65
0 0 0 3 16 300 640 705 754 127 589.1349590713489 50 12471 578.3744461851682 138 63
0 0 0 3 16 300 640 705 754 127 589.1349590713489 50 12471 578.3744461851682 131 58
0 0 0 3 16 300 640 705 754 127 589.1349590713489 50 12471 578.3744461851682 124 51
0 0 0 3 16 300 640 705 754 127 589.1349590713489 50 12471 578.3744461851682 121 48
0 0 0 3 16 300 640 705 754 127 589.1349590713489 50 12471 578.3744461851682 117 43
0 0 0 3 16 300 640 705 754 127 589.1349590713489 50 12471 578.3744461851682 114 40
0 0 0 3 16 300 640 705 754 127 589.1349590713489 50 12471 578.3744461851682 110 37
0 0 0 3 16 300 640 705 754 127 589.1349590713489 50 12471 578.3744461851682 103 34
0 0 0 3 16 300 640 705 754 127 589.1349590713489 50 12471 578.3744461851682 97 32
0 0 0 3 16 300 640 705 754 127 589.1349590713489 50 12471 578.3744461851682 83 30
0 0 0 3 16 300 640 705 754 127 589.1349590713489 50 12471 578.3744461851682 79 30
0 0 0 3 16 300 640 705 754 127 589.1349590713489 50 12471 578.3744461851682 78 30
0 0 0 3 16 300 640 705 754 127 589.1349590713489 50 12471 578.3744461851682 78 28
0 0 0 3 16 300 640 705 754 127 589.1349590713489 50 12471 578.3744461851682 78 26
0 0 0 3 16 300 640 705 754 127 589.1349590713489 50 12471 578.3744461851682 78 25
0 0 0 3 16 300 640 705 754 127 589.1349590713489 50 12471 578.3744461851682 78 23
0 0 0 3 16 300 640 705 754 127 589.1349590713489 50 12471 578.3744461851682 77 21
0 0 0 3 16 300 640 705 754 127 589.1349590713489 50 12471 578.3744461851682 77 19
0 0 0 3 16 300 640 705 754 127 589.1349590713489 50 12471 578.3744461851682 77 15
0 0 0 3 16 300 640 705 754 127 589.1349590713489 50 12471 578.3744461851682 81 11
0 0 0 3 16 300 640 705 754 127 589.1349590713489 50 12471 578.3744461851682 88 8
0 0 0 3 16 300 640 705 754 127 589.1349590713489 50 12471 578.3744461851682 88 9
0 0 0 3 16 300 640 705 754 127 589.1349590713489 50 12471 578.3744461851682 77 10
0 0 0 3 16 300 640 705 754 127 589.1349590713489 50 12471 578.3744461851682 45 8
0 0 0 3 16 300 640 705 754 127 589.1349590713489 50 12471 578.3744461851682 25 8
0 0 0 3 16 300 640 705 754 127 589.1349590713489 50 12471 578.3744461851682 8 8
0 0 0 3 16 300 640 705 754 127 589.1349590713489 50 12471 578.3744461851682 753 128
0 0 0 3 16 300 640 705 754 127 589.1349590713489 50 12471 578.3744461851682 753 131
0 0 0 3 16 300 640 705 754 127 589.1349590713489 50 12471 578.3744461851682 753 138
0 0 0 3 16 300 640 705 754 127 589.1349590713489 50 12471 578.3744461851682 753 141
0 0 0 3 16 300 640 705 754 127 589.1349590713489 50 12471 578.3744461851682 753 145
0 0 0 3 16 300 640 705 754 127 589.1349590713489 50 12471 578.3744461851682 753 147
0 0 0 2 16 300 754 127 525 682 600.3882077456219 50 18153 594.5889336339854 753 148
0 0 0 2 16 300 754 127 525 682 600.3882077456219 50 18153 594.5889336339854 753 149
0 0 0 2 16 300 754 127 525 682 600.3882077456219 50 18153 594.5889336339854 753 149
0 0 0 2 16 300 754 127 525 682 600.3882077456219 50 18153 594.5889336339854 753 150
0 0 0 2 16 300 754 127 525 682 600.3882077456219 50 18153 594.5889336339854 751 154
0 0 0 2 16 300 754 127 525 682 600.3882077456219 50 18153 594.5889336339854 748 161
0 0 0 2 16 300 754 127 525 682 600.3882077456219 50 18153 594.5889336339854 744 169
0 0 0 2 16 300 754 127 525 682 600.3882077456219 50 18153 594.5889336339854 738 180
0 0 0 2 16 300 754 127 525 682 600.3882077456219 50 18153 594.5889336339854 734 192
0 0 0 2 16 300 754 127 525 682 600.3882077456219 50 18153 594.5889336339854 726 208
0 0 0 2 16 300 754 127 525 682 600.3882077456219 50 18153 594.5889336339854 712 230
0 0 0 2 16 300 754 127 525 682 600.3882077456219 50 18153 594.5889336339854 695 256
0 0 0 2 16 300 754 127 525 682 600.3882077456219 50 18153 594.5889336339854 675 288
0 0 0 2 16 300 754 127 525 682 600.3882077456219 50 18153 594.5889336339854 653 329
0 0 0 2 16 300 754 127 525 682 600.3882077456219 50 18153 594.5889336339854 626 373
0 0 0 2 16 300 754 127 525 682 600.3882077456219 50 18153 594.5889336339854 599 416
0 0 0 2 16 300 754 127 525 682 600.3882077456219 50 18153 594.5889336339854 574 458
0 0 0 2 16 300 754 127 525 682 600.3882077456219 50 18153 594.5889336339854 553 495
0 0 0 2 16 300 754 127 525 682 600.3882077456219 50 18153 594.5889336339854 535 529
0 0 0 2 16 300 754 127 525 682 600.3882077456219 50 18153 594.5889336339854 520 562
0 0 0 2 16 300 754 127 525 682 600.3882077456219 50 18153 594.5889336339854 504 592
0 0 0 2 16 300 754 127 525 682 600.3882077456219 50 18153 594.5889336339854 492 622
0 0 0 2 16 300 754 127 525 682 600.3882077456219 50 18153 594.5889336339854 485 647
0 0 0 2 16 300 754 127 525 682 600.3882077456219 50 18153 594.5889336339854 481 662
0 0 0 2 16 300 754 127 525 682 600.3882077456219 50 18153 594.5889336339854 478 676
0 0 0 2 16 300 754 127 525 682 600.3882077456219 50 18153 594.5889336339854 478 684
0 0 0 2 16 300 754 127 525 682 600.3882077456219 50 18153 594.5889336339854 478 689
0 0 0 2 16 300 754 127 525 682 600.3882077456219 50 18153 594.5889336339854 478 695
0 0 0 2 16 300 754 127 525 682 600.3882077456219 50 18153 594.5889336339854 478 702
0 0 0 2 16 300 754 127 525 682 600.3882077456219 50 18153 594.5889336339854 479 705
0 0 0 2 16 300 754 127 525 682 600.3882077456219 50 18153 594.5889336339854 480 707
0 0 0 2 16 300 754 127 525 682 600.3882077456219 50 18153 594.5889336339854 481 707
0 0 0 2 16 300 754 127 525 682 600.3882077456219 50 18153 594.5889336339854 485 707
0 0 0 2 16 300 754 127 525 682 600.3882077456219 50 18153 594.5889336339854 489 707
0 0 0 2 16 300 754 127 525 682 600.3882077456219 50 18153 594.5889336339854 493 707
0 0 0 2 16 300 754 127 525 682 600.3882077456219 50 18153 594.5889336339854 497 707
0 0 0 2 16 300 754 127 525 682 600.3882077456219 50 18153 594.5889336339854 503 706
0 0 0 2 16 300 754 127 525 682 600.3882077456219 50 18153 594.5889336339854 509 705
0 0 0 2 16 300 754 127 525 682 600.3882077456219 50 18153 594.5889336339854 513 704
0 0 0 2 16 300 754 127 525 682 600.3882077456219 50 18153 594.5889336339854 516 703
0 0 0 2 16 300 754 127 525 682 600.3882077456219 50 18153 594.5889336339854 518 701
0 0 0 2 16 300 754 127 525 682 600.3882077456219 50 18153 594.5889336339854 519 701
0 0 0 2 16 300 754 127 525 682 600.3882077456219 50 18153 594.5889336339854 520 700
0 0 0 2 16 300 754 127 525 682 600.3882077456219 50 18153 594.5889336339854 521 699
0 0 0 2 16 300 754 127 525 682 600.3882077456219 50 18153 594.5889336339854 521 698
0 0 0 2 16 300 754 127 525 682 600.3882077456219 50 18153 594.5889336339854 522 697
0 0 0 2 16 300 754 127 525 682 600.3882077456219 50 18153 594.5889336339854 523 696
0 0 0 2 16 300 754 127 525 682 600.3882077456219 50 18153 594.5889336339854 523 695
0 0 0 2 16 300 754 127 525 682 600.3882077456219 50 18153 594.5889336339854 524 695
0 0 0 2 16 300 754 127 525 682 600.3882077456219 50 18153 594.5889336339854 524 694
0 0 0 2 16 300 754 127 525 682 600.3882077456219 50 18153 594.5889336339854 525 694
0 0 0 2 16 300 754 127 525 682 600.3882077456219 50 18153 594.5889336339854 525 694
0 0 0 2 16 300 754 127 525 682 600.3882077456219 50 18153 594.5889336339854 525 693
0 0 0 2 16 300 754 127 525 682 600.3882077456219 50 18153 594.5889336339854 525 692
0 0 0 2 16 300 754 127 525 682 600.3882077456219 50 18153 594.5889336339854 525 690
0 0 0 2 16 300 754 127 525 682 600.3882077456219 50 18153 594.5889336339854 522 683
0 0 0 2 16 300 754 127 525 682 600.3882077456219 50 18153 594.5889336339854 521 667
0 0 0 2 16 300 754 127 525 682 600.3882077456219 50 18153 594.5889336339854 521 640
0 0 0 2 16 300 754 127 525 682 600.3882077456219 50 18153 594.5889336339854 523 597
0 0 0 2 16 300 754 127 525 682 600.3882077456219 50 18153 594.5889336339854 531 539
0 0 0 2 16 300 754 127 525 682 600.3882077456219 50 18153 594.5889336339854 540 471
0 0 0 2 16 300 754 127 525 682 600.3882077456219 50 18153 594.5889336339854 545 386
0 0 0 2 16 300 754 127 525 682 600.3882077456219 50 18153 594.5889336339854 545 293
0 0 0 2 16 300 754 127 525 682 600.3882077456219 50 18153 594.5889336339854 538 208
0 0 0 2 16 300 754 127 525 682 600.3882077456219 50 18153 594.5889336339854 514 127
0 0 0 2 16 300 754 127 525 682 600.3882077456219 50 18153 594.5889336339854 475 50
0 0 0 2 16 300 754 127 525 682 600.3882077456219 50 18153 594.5889336339854 9 3
0 0 0 2 16 300 754 127 525 682 600.3882077456219 50 18153 594.5889336339854 16 3
0 0 0 2 16 300 754 127 525 682 600.3882077456219 50 18153 594.5889336339854 22 1
0 0 0 2 16 300 754 127 525 682 600.3882077456219 50 18153 594.5889336339854 916 634
0 0 0 2 16 300 754 127 525 682 600.3882077456219 50 18153 594.5889336339854 916 635
0 0 0 2 16 300 754 127 525 682 600.3882077456219 50 18153 594.5889336339854 915 635
0 0 0 2 16 300 754 127 525 682 600.3882077456219 50 18153 594.5889336339854 914 636
0 0 0 2 16 300 754 127 525 682 600.3882077456219 50 18153 594.5889336339854 912 636
0 0 0 2 16 300 754 127 525 682 600.3882077456219 50 18153 594.5889336339854 909 637
0 0 0 2 16 300 754 127 525 682 600.3882077456219 50 18153 594.5889336339854 894 639
0 0 0 2 16 300 754 127 525 682 600.3882077456219 50 18153 594.5889336339854 853 644
0 0 0 2 16 300 754 127 525 682 600.3882077456219 50 18153 594.5889336339854 792 651
0 0 0 2 16 300 754 127 525 682 600.3882077456219 50 18153 594.5889336339854 738 655
0 0 0 2 16 300 754 127 525 682 600.3882077456219 50 18153 594.5889336339854 688 660
0 0 0 2 16 300 754 127 525 682 600.3882077456219 50 18153 594.5889336339854 656 663
0 0 0 2 16 300 754 127 525 682 600.3882077456219 50 18153 594.5889336339854 633 667
0 0 0 2 16 300 754 127 525 682 600.3882077456219 50 18153 594.5889336339854 611 672
0 0 0 2 16 300 754 127 525 682 600.3882077456219 50 18153 594.5889336339854 589 677
0 0 0 2 16 300 754 127 525 682 600.3882077456219 50 18153 594.5889336339854 571 680
0 0 0 2 16 300 754 127 525 682 600.3882077456219 50 18153 594.5889336339854 561 682
0 0 0 2 16 300 754 127 525 682 600.3882077456219 50 18153 594.5889336339854 556 683
0 0 0 2 16 300 754 127 525 682 600.3882077456219 50 18153 594.5889336339854 552 684
0 0 0 2 16 300 754 127 525 682 600.3882077456219 50 18153 594.5889336339854 545 686
0 0 0 2 16 300 754 127 525 682 600.3882077456219 50 18153 594.5889336339854 537 688
0 0 0 2 16 300 754 127 525 682 600.3882077456219 50 18153 594.5889336339854 531 689
0 0 0 2 16 300 754 127 525 682 600.3882077456219 50 18153 594.5889336339854 527 689
0 0 0 2 16 300 754 127 525 682 600.3882077456219 50 18153 594.5889336339854 522 689
0 0 0 2 16 300 754 127 525 682 600.3882077456219 50 18153 594.5889336339854 515 689
0 0 0 2 16 300 754 127 525 682 600.3882077456219 50 18153 594.5889336339854 510 690
0 0 0 2 16 300 754 127 525 682 600.3882077456219 50 18153 594.5889336339854 508 690
0 0 0 2 16 300 754 127 525 682 600.3882077456219 50 18153 594.5889336339854 506 690
0 0 0 2 16 300 754 127 525 682 600.3882077456219 50 18153 594.5889336339854 505 691
0 0 0 2 16 300 754 127 525 682 600.3882077456219 50 18153 594.5889336339854 506 691
0 0 0 2 16 300 754 127 525 682 600.3882077456219 50 18153 594.5889336339854 506 692
0 0 0 2 16 300 754 127 525 682 600.3882077456219 50 18153 594.5889336339854 507 692
0 0 0 2 16 300 754 127 525 682 600.3882077456219 50 18153 594.5889336339854 508 692
0 0 0 2 16 300 754 127 525 682 600.3882077456219 50 18153 594.5889336339854 509 692
0 0 0 2 16 300 754 127 525 682 600.3882077456219 50 18153 594.5889336339854 510 692
0 0 0 2 16 300 754 127 525 682 600.3882077456219 50 18153 594.5889336339854 510 692
0 0 0 2 16 300 754 127 525 682 600.3882077456219 50 18153 594.5889336339854 511 692
0 0 0 2 16 300 754 127 525 682 600.3882077456219 50 18153 594.5889336339854 512 692
0 0 0 2 16 300 754 127 525 682 600.3882077456219 50 18153 594.5889336339854 513 692
0 0 0 1 16 300 525 682 852 192 589.0916736807608 50 1071 601.9111230073755 515 691
0 0 0 1 16 300 525 682 852 192 589.0916736807608 50 1071 601.9111230073755 517 691
0 0 0 1 16 300 525 682 852 192 589.0916736807608 50 1071 601.9111230073755 525 686
0 0 0 1 16 300 525 682 852 192 589.0916736807608 50 1071 601.9111230073755 541 674
0 0 0 1 16 300 525 682 852 192 589.0916736807608 50 1071 601.9111230073755 565 659
0 0 0 1 16 300 525 682 852 192 589.0916736807608 50 1071 601.9111230073755 589 642
0 0 0 1 16 300 525 682 852 192 589.0916736807608 50 1071 601.9111230073755 617 621
0 0 0 1 16 300 525 682 852 192 589.0916736807608 50 1071 601.9111230073755 644 599
0 0 0 1 16 300 525 682 852 192 589.0916736807608 50 1071 601.9111230073755 670 581
0 0 0 1 16 300 525 682 852 192 589.0916736807608 50 1071 601.9111230073755 676 577
0 0 0 1 16 300 525 682 852 192 589.0916736807608 50 1071 601.9111230073755 702 553
0 0 0 1 16 300 525 682 852 192 589.0916736807608 50 1071 601.9111230073755 730 522
0 0 0 1 16 300 525 682 852 192 589.0916736807608 50 1071 601.9111230073755 756 489
0 0 0 1 16 300 525 682 852 192 589.0916736807608 50 1071 601.9111230073755 783 456
0 0 0 1 16 300 525 682 852 192 589.0916736807608 50 1071 601.9111230073755 803 426
0 0 0 1 16 300 525 682 852 192 589.0916736807608 50 1071 601.9111230073755 813 403
0 0 0 1 16 300 525 682 852 192 589.0916736807608 50 1071 601.9111230073755 819 385
0 0 0 1 16 300 525 682 852 192 589.0916736807608 50 1071 601.9111230073755 820 371
0 0 0 1 16 300 525 682 852 192 589.0916736807608 50 1071 601.9111230073755 820 361
0 0 0 1 16 300 525 682 852 192 589.0916736807608 50 1071 601.9111230073755 818 354
0 0 0 1 16 300 525 682 852 192 589.0916736807608 50 1071 601.9111230073755 816 350
0 0 0 1 16 300 525 682 852 192 589.0916736807608 50 1071 601.9111230073755 814 346
0 0 0 1 16 300 525 682 852 192 589.0916736807608 50 1071 601.9111230073755 811 341
0 0 0 1 16 300 525 682 852 192 589.0916736807608 50 1071 601.9111230073755 810 339
0 0 0 1 16 300 525 682 852 192 589.0916736807608 50 1071 601.9111230073755 810 337
0 0 0 1 16 300 525 682 852 192 589.0916736807608 50 1071 601.9111230073755 809 334
0 0 0 1 16 300 525 682 852 192 589.0916736807608 50 1071 601.9111230073755 809 329
0 0 0 1 16 300 525 682 852 192 589.0916736807608 50 1071 601.9111230073755 809 323
0 0 0 1 16 300 525 682 852 192 589.0916736807608 50 1071 601.9111230073755 812 313
0 0 0 1 16 300 525 682 852 192 589.0916736807608 50 1071 601.9111230073755 817 295
0 0 0 1 16 300 525 682 852 192 589.0916736807608 50 1071 601.9111230073755 821 277
0 0 0 1 16 300 525 682 852 192 589.0916736807608 50 1071 601.9111230073755 824 266
0 0 0 1 16 300 525 682 852 192 589.0916736807608 50 1071 601.9111230073755 824 262
0 0 0 1 16 300 525 682 852 192 589.0916736807608 50 1071 601.9111230073755 824 262
0 0 0 1 16 300 525 682 852 192 589.0916736807608 50 1071 601.9111230073755 827 254
0 0 0 1 16 300 525 682 852 192 589.0916736807608 50 1071 601.9111230073755 830 250
0 0 0 1 16 300 525 682 852 192 589.0916736807608 50 1071 601.9111230073755 834 246
0 0 0 1 16 300 525 682 852 192 589.0916736807608 50 1071 601.9111230073755 835 244
0 0 0 1 16 300 525 682 852 192 589.0916736807608 50 1071 601.9111230073755 837 241
0 0 0 1 16 300 525 682 852 192 589.0916736807608 50 1071 601.9111230073755 838 239
0 0 0 1 16 300 525 682 852 192 589.0916736807608 50 1071 601.9111230073755 838 236
0 0 0 1 16 300 525 682 852 192 589.0916736807608 50 1071 601.9111230073755 840 233
0 0 0 1 16 300 525 682 852 192 589.0916736807608 50 1071 601.9111230073755 841 230
0 0 0 1 16 300 525 682 852 192 589.0916736807608 50 1071 601.9111230073755 841 228
0 0 0 1 16 300 525 682 852 192 589.0916736807608 50 1071 601.9111230073755 841 227
0 0 0 1 16 300 525 682 852 192 589.0916736807608 50 1071 601.9111230073755 842 226
0 0 0 1 16 300 525 682 852 192 589.0916736807608 50 1071 601.9111230073755 843 222
0 0 0 1 16 300 525 682 852 192 589.0916736807608 50 1071 601.9111230073755 845 219
0 0 0 1 16 300 525 682 852 192 589.0916736807608 50 1071 601.9111230073755 847 216
0 0 0 1 16 300 525 682 852 192 589.0916736807608 50 1071 601.9111230073755 849 212
0 0 0 1 16 300 525 682 852 192 589.0916736807608 50 1071 601.9111230073755 852 209
0 0 0 1 16 300 525 682 852 192 589.0916736807608 50 1071 601.9111230073755 853 204
0 0 0 1 16 300 525 682 852 192 589.0916736807608 50 1071 601.9111230073755 854 202
0 0 0 1 16 300 525 682 852 192 589.0916736807608 50 1071 601.9111230073755 855 200
0 0 0 1 16 300 525 682 852 192 589.0916736807608 50 1071 601.9111230073755 855 198
0 0 0 1 16 300 525 682 852 192 589.0916736807608 50 1071 601.9111230073755 856 196
0 0 0 1 16 300 525 682 852 192 589.0916736807608 50 1071 601.9111230073755 856 195
0 0 0 1 16 300 852 192 427 617 601.0407640085654 50 1070 562.3104124947358 816 220
0 0 0 1 16 300 852 192 427 617 601.0407640085654 50 1070 562.3104124947358 809 224
0 0 0 1 16 300 852 192 427 617 601.0407640085654 50 1070 562.3104124947358 808 224
0 0 0 1 16 300 852 192 427 617 601.0407640085654 50 1070 562.3104124947358 806 229
0 0 0 1 16 300 852 192 427 617 601.0407640085654 50 1070 562.3104124947358 794 237
0 0 0 1 16 300 852 192 427 617 601.0407640085654 50 1070 562.3104124947358 785 246
0 0 0 1 16 300 852 192 427 617 601.0407640085654 50 1070 562.3104124947358 776 254
0 0 0 1 16 300 852 192 427 617 601.0407640085654 50 1070 562.3104124947358 766 264
0 0 0 1 16 300 852 192 427 617 601.0407640085654 50 1070 562.3104124947358 752 279
0 0 0 1 16 300 852 192 427 617 601.0407640085654 50 1070 562.3104124947358 738 294
0 0 0 1 16 300 852 192 427 617 601.0407640085654 50 1070 562.3104124947358 721 311
0 0 0 1 16 300 852 192 427 617 601.0407640085654 50 1070 562.3104124947358 706 329
0 0 0 1 16 300 852 192 427 617 601.0407640085654 50 1070 562.3104124947358 688 344
0 0 0 1 16 300 852 192 427 617 601.0407640085654 50 1070 562.3104124947358 668 360
0 0 0 1 16 300 852 192 427 617 601.0407640085654 50 1070 562.3104124947358 646 379
0 0 0 1 16 300 852 192 427 617 601.0407640085654 50 1070 562.3104124947358 620 401
0 0 0 1 16 300 852 192 427 617 601.0407640085654 50 1070 562.3104124947358 600 426
0 0 0 1 16 300 852 192 427 617 601.0407640085654 50 1070 562.3104124947358 577 454
0 0 0 1 16 300 852 192 427 617 601.0407640085654 50 1070 562.3104124947358 559 476
0 0 0 1 16 300 852 192 427 617 601.0407640085654 50 1070 562.3104124947358 539 498
0 0 0 1 16 300 852 192 427 617 601.0407640085654 50 1070 562.3104124947358 517 526
0 0 0 1 16 300 852 192 427 617 601.0407640085654 50 1070 562.3104124947358 499 546
0 0 0 1 16 300 852 192 427 617 601.0407640085654 50 1070 562.3104124947358 482 569
0 0 0 1 16 300 852 192 427 617 601.0407640085654 50 1070 562.3104124947358 467 590
0 0 0 1 16 300 852 192 427 617 601.0407640085654 50 1070 562.3104124947358 456 605
0 0 0 1 16 300 852 192 427 617 601.0407640085654 50 1070 562.3104124947358 446 617
0 0 0 1 16 300 852 192 427 617 601.0407640085654 50 1070 562.3104124947358 436 627
0 0 0 1 16 300 852 192 427 617 601.0407640085654 50 1070 562.3104124947358 428 633
0 0 0 1 16 300 852 192 427 617 601.0407640085654 50 1070 562.3104124947358 422 638
0 0 0 1 16 300 852 192 427 617 601.0407640085654 50 1070 562.3104124947358 416 640
0 0 0 1 16 300 852 192 427 617 601.0407640085654 50 1070 562.3104124947358 413 642
0 0 0 1 16 300 852 192 427 617 601.0407640085654 50 1070 562.3104124947358 411 643
0 0 0 1 16 300 852 192 427 617 601.0407640085654 50 1070 562.3104124947358 409 643
0 0 0 1 16 300 852 192 427 617 601.0407640085654 50 1070 562.3104124947358 407 643
0 0 0 1 16 300 852 192 427 617 601.0407640085654 50 1070 562.3104124947358 407 644
0 0 0 1 16 300 852 192 427 617 601.0407640085654 50 1070 562.3104124947358 406 643
0 0 0 1 16 300 852 192 427 617 601.0407640085654 50 1070 562.3104124947358 406 642
0 0 0 1 16 300 852 192 427 617 601.0407640085654 50 1070 562.3104124947358 407 642
0 0 0 1 16 300 852 192 427 617 601.0407640085654 50 1070 562.3104124947358 408 641
0 0 0 1 16 300 852 192 427 617 601.0407640085654 50 1070 562.3104124947358 410 640
0 0 0 1 16 300 852 192 427 617 601.0407640085654 50 1070 562.3104124947358 414 639
0 0 0 1 16 300 852 192 427 617 601.0407640085654 50 1070 562.3104124947358 417 637
0 0 0 1 16 300 852 192 427 617 601.0407640085654 50 1070 562.3104124947358 421 635
0 0 0 1 16 300 852 192 427 617 601.0407640085654 50 1070 562.3104124947358 424 633
0 0 0 1 16 300 852 192 427 617 601.0407640085654 50 1070 562.3104124947358 426 630
0 0 0 1 16 300 852 192 427 617 601.0407640085654 50 1070 562.3104124947358 428 627
0 0 0 1 16 300 427 617 917 290 589.0916736807608 50 771 529.8697953271162 496 588
0 0 0 1 16 300 427 617 917 290 589.0916736807608 50 771 529.8697953271162 522 578
0 0 0 1 16 300 427 617 917 290 589.0916736807608 50 771 529.8697953271162 557 563
0 0 0 1 16 300 427 617 917 290 589.0916736807608 50 771 529.8697953271162 602 541
0 0 0 1 16 300 427 617 917 290 589.0916736807608 50 771 529.8697953271162 642 520
0 0 0 1 16 300 427 617 917 290 589.0916736807608 50 771 529.8697953271162 687 495
0 0 0 1 16 300 427 617 917 290 589.0916736807608 50 771 529.8697953271162 730 470
0 0 0 1 16 300 427 617 917 290 589.0916736807608 50 771 529.8697953271162 773 443
0 0 0 1 16 300 427 617 917 290 589.0916736807608 50 771 529.8697953271162 809 419
0 0 0 1 16 300 427 617 917 290 589.0916736807608 50 771 529.8697953271162 841 394
0 0 0 1 16 300 427 617 917 290 589.0916736807608 50 771 529.8697953271162 862 375
0 0 0 1 16 300 427 617 917 290 589.0916736807608 50 771 529.8697953271162 885 354
0 0 0 1 16 300 427 617 917 290 589.0916736807608 50 771 529.8697953271162 903 337
0 0 0 1 16 300 427 617 917 290 589.0916736807608 50 771 529.8697953271162 917 324
0 0 0 1 16 300 427 617 917 290 589.0916736807608 50 771 529.8697953271162 925 315
0 0 0 1 16 300 427 617 917 290 589.0916736807608 50 771 529.8697953271162 930 307
0 0 0 1 16 300 427 617 917 290 589.0916736807608 50 771 529.8697953271162 935 300
0 0 0 1 16 300 427 617 917 290 589.0916736807608 50 771 529.8697953271162 938 293
0 0 0 1 16 300 427 617 917 290 589.0916736807608 50 771 529.8697953271162 939 286
0 0 0 1 16 300 427 617 917 290 589.0916736807608 50 771 529.8697953271162 941 282
0 0 0 1 16 300 427 617 917 290 589.0916736807608 50 771 529.8697953271162 941 279
0 0 0 1 16 300 427 617 917 290 589.0916736807608 50 771 529.8697953271162 942 277
0 0 0 1 16 300 427 617 917 290 589.0916736807608 50 771 529.8697953271162 942 275
0 0 0 1 16 300 427 617 917 290 589.0916736807608 50 771 529.8697953271162 942 274
0 0 0 1 16 300 427 617 917 290 589.0916736807608 50 771 529.8697953271162 942 273
0 0 0 1 16 300 427 617 917 290 589.0916736807608 50 771 529.8697953271162 942 273
0 0 0 1 16 300 427 617 917 290 589.0916736807608 50 771 529.8697953271162 941 273
0 0 0 1 16 300 427 617 917 290 589.0916736807608 50 771 529.8697953271162 939 273
0 0 0 1 16 300 427 617 917 290 589.0916736807608 50 771 529.8697953271162 936 273
0 0 0 1 16 300 427 617 917 290 589.0916736807608 50 771 529.8697953271162 933 273
0 0 0 1 16 300 427 617 917 290 589.0916736807608 50 771 529.8697953271162 931 273
0 0 0 1 16 300 427 617 917 290 589.0916736807608 50 771 529.8697953271162 929 273
0 0 0 1 16 300 427 617 917 290 589.0916736807608 50 771 529.8697953271162 928 273
0 0 0 1 16 300 427 617 917 290 589.0916736807608 50 771 529.8697953271162 928 273
0 0 0 1 16 300 427 617 917 290 589.0916736807608 50 771 529.8697953271162 927 274
0 0 0 1 16 300 427 617 917 290 589.0916736807608 50 771 529.8697953271162 926 275
0 0 0 1 16 300 427 617 917 290 589.0916736807608 50 771 529.8697953271162 925 277
0 0 0 1 16 300 917 290 362 519 600.3882077456219 50 854 543.9016455205849 856 311
0 0 0 1 16 300 917 290 362 519 600.3882077456219 50 854 543.9016455205849 832 326
0 0 0 1 16 300 917 290 362 519 600.3882077456219 50 854 543.9016455205849 832 326
0 0 0 1 16 300 917 290 362 519 600.3882077456219 50 854 543.9016455205849 781 358
0 0 0 1 16 300 917 290 362 519 600.3882077456219 50 854 543.9016455205849 758 370
0 0 0 1 16 300 917 290 362 519 600.3882077456219 50 854 543.9016455205849 737 382
0 0 0 1 16 300 917 290 362 519 600.3882077456219 50 854 543.9016455205849 721 387
0 0 0 1 16 300 917 290 362 519 600.3882077456219 50 854 543.9016455205849 721 387
0 0 0 1 16 300 917 290 362 519 600.3882077456219 50 854 543.9016455205849 679 402
0 0 0 1 16 300 917 290 362 519 600.3882077456219 50 854 543.9016455205849 659 409
0 0 0 1 16 300 917 290 362 519 600.3882077456219 50 854 543.9016455205849 659 409
0 0 0 1 16 300 917 290 362 519 600.3882077456219 50 854 543.9016455205849 622 419
0 0 0 1 16 300 917 290 362 519 600.3882077456219 50 854 543.9016455205849 604 423
0 0 0 1 16 300 917 290 362 519 600.3882077456219 50 854 543.9016455205849 604 423
0 0 0 1 16 300 917 290 362 519 600.3882077456219 50 854 543.9016455205849 573 430
0 0 0 1 16 300 917 290 362 519 600.3882077456219 50 854 543.9016455205849 573 430
0 0 0 1 16 300 917 290 362 519 600.3882077456219 50 854 543.9016455205849 554 437
0 0 0 1 16 300 917 290 362 519 600.3882077456219 50 854 543.9016455205849 540 441
0 0 0 1 16 300 917 290 362 519 600.3882077456219 50 854 543.9016455205849 528 447
0 0 0 1 16 300 917 290 362 519 600.3882077456219 50 854 543.9016455205849 515 450
0 0 0 1 16 300 917 290 362 519 600.3882077456219 50 854 543.9016455205849 504 453
0 0 0 1 16 300 917 290 362 519 600.3882077456219 50 854 543.9016455205849 504 453
0 0 0 1 16 300 917 290 362 519 600.3882077456219 50 854 543.9016455205849 479 463
0 0 0 1 16 300 917 290 362 519 600.3882077456219 50 854 543.9016455205849 479 463
0 0 0 1 16 300 917 290 362 519 600.3882077456219 50 854 543.9016455205849 452 471
0 0 0 1 16 300 917 290 362 519 600.3882077456219 50 854 543.9016455205849 452 471
0 0 0 1 16 300 917 290 362 519 600.3882077456219 50 854 543.9016455205849 432 479
0 0 0 1 16 300 917 290 362 519 600.3882077456219 50 854 543.9016455205849 419 483
0 0 0 1 16 300 917 290 362 519 600.3882077456219 50 854 543.9016455205849 406 486
0 0 0 1 16 300 917 290 362 519 600.3882077456219 50 854 543.9016455205849 396 489
0 0 0 1 16 300 917 290 362 519 600.3882077456219 50 854 543.9016455205849 396 489
0 0 0 1 16 300 917 290 362 519 600.3882077456219 50 854 543.9016455205849 383 494
0 0 0 1 16 300 917 290 362 519 600.3882077456219 50 854 543.9016455205849 377 496
0 0 0 1 16 300 917 290 362 519 600.3882077456219 50 854 543.9016455205849 377 496
0 0 0 1 16 300 917 290 362 519 600.3882077456219 50 854 543.9016455205849 365 503
0 0 0 1 16 300 917 290 362 519 600.3882077456219 50 854 543.9016455205849 365 503
0 0 0 1 16 300 917 290 362 519 600.3882077456219 50 854 543.9016455205849 358 506
0 0 0 1 16 300 917 290 362 519 600.3882077456219 50 854 543.9016455205849 357 506
0 0 0 1 16 300 917 290 362 519 600.3882077456219 50 854 543.9016455205849 357 507
0 0 0 1 16 300 917 290 362 519 600.3882077456219 50 854 543.9016455205849 356 507
0 0 0 1 16 300 917 290 362 519 600.3882077456219 50 854 543.9016455205849 356 508
0 0 0 1 16 300 917 290 362 519 600.3882077456219 50 854 543.9016455205849 355 509
0 0 0 1 16 300 917 290 362 519 600.3882077456219 50 854 543.9016455205849 354 509
0 0 0 1 16 300 917 290 362 519 600.3882077456219 50 854 543.9016455205849 353 511
0 0 0 1 16 300 917 290 362 519 600.3882077456219 50 854 543.9016455205849 352 512
0 0 0 1 16 300 917 290 362 519 600.3882077456219 50 854 543.9016455205849 351 513
0 0 0 1 16 300 362 519 940 405 589.1349590713489 50 637 317.7168550769694 635 461
0 0 0 1 16 300 362 519 940 405 589.1349590713489 50 637 317.7168550769694 713 446
0 0 0 1 16 300 362 519 940 405 589.1349590713489 50 637 317.7168550769694 791 437
0 0 0 1 16 300 362 519 940 405 589.1349590713489 50 637 317.7168550769694 870 426
0 0 0 1 16 300 362 519 940 405 589.1349590713489 50 637 317.7168550769694 932 418
0 0 0 1 16 300 362 519 940 405 589.1349590713489 50 637 317.7168550769694 976 414
0 0 0 1 16 300 362 519 940 405 589.1349590713489 50 637 317.7168550769694 998 411
0 0 0 1 16 300 362 519 940 405 589.1349590713489 50 637 317.7168550769694 1012 407
0 0 0 1 16 300 362 519 940 405 589.1349590713489 50 637 317.7168550769694 1017 405
0 0 0 1 16 300 362 519 940 405 589.1349590713489 50 637 317.7168550769694 1018 405
0 0 0 1 16 300 362 519 940 405 589.1349590713489 50 637 317.7168550769694 1018 405
0 0 0 1 16 300 362 519 940 405 589.1349590713489 50 637 317.7168550769694 1017 405
0 0 0 1 16 300 362 519 940 405 589.1349590713489 50 637 317.7168550769694 1013 405
0 0 0 1 16 300 362 519 940 405 589.1349590713489 50 637 317.7168550769694 1008 405
0 0 0 1 16 300 362 519 940 405 589.1349590713489 50 637 317.7168550769694 1002 405
0 0 0 1 16 300 362 519 940 405 589.1349590713489 50 637 317.7168550769694 999 405
0 0 0 1 16 300 362 519 940 405 589.1349590713489 50 637 317.7168550769694 995 405
0 0 0 1 16 300 362 519 940 405 589.1349590713489 50 637 317.7168550769694 989 405
0 0 0 1 16 300 362 519 940 405 589.1349590713489 50 637 317.7168550769694 982 405
0 0 0 1 16 300 362 519 940 405 589.1349590713489 50 637 317.7168550769694 976 403
0 0 0 1 16 300 362 519 940 405 589.1349590713489 50 637 317.7168550769694 972 402
0 0 0 1 16 300 362 519 940 405 589.1349590713489 50 637 317.7168550769694 967 401
0 0 0 1 16 300 362 519 940 405 589.1349590713489 50 637 317.7168550769694 963 400
0 0 0 1 16 300 362 519 940 405 589.1349590713489 50 637 317.7168550769694 961 400
0 0 0 1 16 300 362 519 940 405 589.1349590713489 50 637 317.7168550769694 958 400
0 0 0 1 16 300 362 519 940 405 589.1349590713489 50 637 317.7168550769694 957 400
0 0 0 1 16 300 362 519 940 405 589.1349590713489 50 637 317.7168550769694 957 400
0 0 0 1 16 300 362 519 940 405 589.1349590713489 50 637 317.7168550769694 956 400
0 0 0 1 16 300 362 519 940 405 589.1349590713489 50 637 317.7168550769694 954 400
0 0 0 1 16 300 362 519 940 405 589.1349590713489 50 637 317.7168550769694 950 400
0 0 0 1 16 300 362 519 940 405 589.1349590713489 50 637 317.7168550769694 948 401
0 0 0 1 16 300 362 519 940 405 589.1349590713489 50 637 317.7168550769694 947 401
0 0 0 1 16 300 940 405 340 405 600.0 50 536 271.26555254952666 618 402
0 0 0 1 16 300 940 405 340 405 600.0 50 536 271.26555254952666 573 402
0 0 0 1 16 300 940 405 340 405 600.0 50 536 271.26555254952666 532 403
0 0 0 1 16 300 940 405 340 405 600.0 50 536 271.26555254952666 503 406
0 0 0 1 16 300 940 405 340 405 600.0 50 536 271.26555254952666 486 410
0 0 0 1 16 300 940 405 340 405 600.0 50 536 271.26555254952666 467 414
0 0 0 1 16 300 940 405 340 405 600.0 50 536 271.26555254952666 452 417
0 0 0 1 16 300 940 405 340 405 600.0 50 536 271.26555254952666 439 420
0 0 0 1 16 300 940 405 340 405 600.0 50 536 271.26555254952666 428 421
0 0 0 1 16 300 940 405 340 405 600.0 50 536 271.26555254952666 419 422
0 0 0 1 16 300 940 405 340 405 600.0 50 536 271.26555254952666 406 424
0 0 0 1 16 300 940 405 340 405 600.0 50 536 271.26555254952666 394 424
0 0 0 1 16 300 940 405 340 405 600.0 50 536 271.26555254952666 382 424
0 0 0 1 16 300 940 405 340 405 600.0 50 536 271.26555254952666 374 424
0 0 0 1 16 300 940 405 340 405 600.0 50 536 271.26555254952666 369 424
0 0 0 1 16 300 940 405 340 405 600.0 50 536 271.26555254952666 366 424
0 0 0 1 16 300 940 405 340 405 600.0 50 536 271.26555254952666 361 424
0 0 0 1 16 300 940 405 340 405 600.0 50 536 271.26555254952666 358 424
0 0 0 1 16 300 940 405 340 405 600.0 50 536 271.26555254952666 356 423
0 0 0 1 16 300 940 405 340 405 600.0 50 536 271.26555254952666 355 422
0 0 0 1 16 300 940 405 340 405 600.0 50 536 271.26555254952666 354 421
0 0 0 1 16 300 940 405 340 405 600.0 50 536 271.26555254952666 352 418
0 0 0 1 16 300 940 405 340 405 600.0 50 536 271.26555254952666 351 416
0 0 0 1 16 300 940 405 340 405 600.0 50 536 271.26555254952666 348 416
0 0 0 1 16 300 940 405 340 405 600.0 50 536 271.26555254952666 348 415
0 0 0 1 16 300 940 405 340 405 600.0 50 536 271.26555254952666 348 414
0 0 0 1 16 300 940 405 340 405 600.0 50 536 271.26555254952666 347 414
0 0 0 1 16 300 340 405 917 519 588.1538914263851 50 752 263.59059163786554 649 469
0 0 0 1 16 300 340 405 917 519 588.1538914263851 50 752 263.59059163786554 695 484
0 0 0 1 16 300 340 405 917 519 588.1538914263851 50 752 263.59059163786554 737 497
0 0 0 1 16 300 340 405 917 519 588.1538914263851 50 752 263.59059163786554 768 507
0 0 0 1 16 300 340 405 917 519 588.1538914263851 50 752 263.59059163786554 799 514
0 0 0 1 16 300 340 405 917 519 588.1538914263851 50 752 263.59059163786554 831 521
0 0 0 1 16 300 340 405 917 519 588.1538914263851 50 752 263.59059163786554 850 526
0 0 0 1 16 300 340 405 917 519 588.1538914263851 50 752 263.59059163786554 861 529
0 0 0 1 16 300 340 405 917 519 588.1538914263851 50 752 263.59059163786554 865 531
0 0 0 1 16 300 340 405 917 519 588.1538914263851 50 752 263.59059163786554 870 532
0 0 0 1 16 300 340 405 917 519 588.1538914263851 50 752 263.59059163786554 873 533
0 0 0 1 16 300 340 405 917 519 588.1538914263851 50 752 263.59059163786554 874 532
0 0 0 1 16 300 340 405 917 519 588.1538914263851 50 752 263.59059163786554 876 532
0 0 0 1 16 300 340 405 917 519 588.1538914263851 50 752 263.59059163786554 878 532
0 0 0 1 16 300 340 405 917 519 588.1538914263851 50 752 263.59059163786554 878 531
0 0 0 1 16 300 340 405 917 519 588.1538914263851 50 752 263.59059163786554 878 530
0 0 0 1 16 300 340 405 917 519 588.1538914263851 50 752 263.59059163786554 879 529
0 0 0 1 16 300 340 405 917 519 588.1538914263851 50 752 263.59059163786554 880 527
0 0 0 1 16 300 340 405 917 519 588.1538914263851 50 752 263.59059163786554 880 525
0 0 0 1 16 300 340 405 917 519 588.1538914263851 50 752 263.59059163786554 880 523
0 0 0 1 16 300 340 405 917 519 588.1538914263851 50 752 263.59059163786554 882 523
0 0 0 1 16 300 340 405 917 519 588.1538914263851 50 752 263.59059163786554 885 523
0 0 0 1 16 300 340 405 917 519 588.1538914263851 50 752 263.59059163786554 889 523
0 0 0 1 16 300 340 405 917 519 588.1538914263851 50 752 263.59059163786554 893 523
0 0 0 1 16 300 340 405 917 519 588.1538914263851 50 752 263.59059163786554 896 523
0 0 0 1 16 300 340 405 917 519 588.1538914263851 50 752 263.59059163786554 899 523
0 0 0 1 16 300 340 405 917 519 588.1538914263851 50 752 263.59059163786554 902 523
0 0 0 1 16 300 340 405 917 519 588.1538914263851 50 752 263.59059163786554 904 523
0 0 0 1 16 300 340 405 917 519 588.1538914263851 50 752 263.59059163786554 906 523
0 0 0 1 16 300 340 405 917 519 588.1538914263851 50 752 263.59059163786554 907 523
0 0 0 1 16 300 340 405 917 519 588.1538914263851 50 752 263.59059163786554 907 523
0 0 0 1 16 300 917 519 362 290 600.3882077456219 50 553 356.4393356519451 673 443
0 0 0 1 16 300 917 519 362 290 600.3882077456219 50 553 356.4393356519451 593 414
0 0 0 1 16 300 917 519 362 290 600.3882077456219 50 553 356.4393356519451 509 381
0 0 0 1 16 300 917 519 362 290 600.3882077456219 50 553 356.4393356519451 439 350
0 0 0 1 16 300 917 519 362 290 600.3882077456219 50 553 356.4393356519451 439 350
0 0 0 1 16 300 917 519 362 290 600.3882077456219 50 553 356.4393356519451 361 308
0 0 0 1 16 300 917 519 362 290 600.3882077456219 50 553 356.4393356519451 339 297
0 0 0 1 16 300 917 519 362 290 600.3882077456219 50 553 356.4393356519451 324 292
0 0 0 1 16 300 917 519 362 290 600.3882077456219 50 553 356.4393356519451 321 291
0 0 0 1 16 300 917 519 362 290 600.3882077456219 50 553 356.4393356519451 320 291
0 0 0 1 16 300 917 519 362 290 600.3882077456219 50 553 356.4393356519451 320 289
0 0 0 1 16 300 917 519 362 290 600.3882077456219 50 553 356.4393356519451 320 288
0 0 0 1 16 300 917 519 362 290 600.3882077456219 50 553 356.4393356519451 320 287
0 0 0 1 16 300 917 519 362 290 600.3882077456219 50 553 356.4393356519451 320 286
0 0 0 1 16 300 917 519 362 290 600.3882077456219 50 553 356.4393356519451 321 286
0 0 0 1 16 300 917 519 362 290 600.3882077456219 50 553 356.4393356519451 322 286
0 0 0 1 16 300 917 519 362 290 600.3882077456219 50 553 356.4393356519451 326 286
0 0 0 1 16 300 917 519 362 290 600.3882077456219 50 553 356.4393356519451 330 285
0 0 0 1 16 300 917 519 362 290 600.3882077456219 50 553 356.4393356519451 334 285
0 0 0 1 16 300 917 519 362 290 600.3882077456219 50 553 356.4393356519451 337 284
0 0 0 1 16 300 917 519 362 290 600.3882077456219 50 553 356.4393356519451 342 284
0 0 0 1 16 300 917 519 362 290 600.3882077456219 50 553 356.4393356519451 342 284
0 0 0 1 16 300 917 519 362 290 600.3882077456219 50 553 356.4393356519451 350 284
0 0 0 1 16 300 917 519 362 290 600.3882077456219 50 553 356.4393356519451 353 285
0 0 0 1 16 300 917 519 362 290 600.3882077456219 50 553 356.4393356519451 353 286
0 0 0 1 16 300 362 290 852 617 589.0916736807608 50 770 364.44478319767455 558 415
0 0 0 1 16 300 362 290 852 617 589.0916736807608 50 770 364.44478319767455 634 450
0 0 0 1 16 300 362 290 852 617 589.0916736807608 50 770 364.44478319767455 721 486
0 0 0 1 16 300 362 290 852 617 589.0916736807608 50 770 364.44478319767455 791 518
0 0 0 1 16 300 362 290 852 617 589.0916736807608 50 770 364.44478319767455 855 550
0 0 0 1 16 300 362 290 852 617 589.0916736807608 50 770 364.44478319767455 897 572
0 0 0 1 16 300 362 290 852 617 589.0916736807608 50 770 364.44478319767455 918 584
0 0 0 1 16 300 362 290 852 617 589.0916736807608 50 770 364.44478319767455 933 591
0 0 0 1 16 300 362 290 852 617 589.0916736807608 50 770 364.44478319767455 941 593
0 0 0 1 16 300 362 290 852 617 589.0916736807608 50 770 364.44478319767455 945 594
0 0 0 1 16 300 362 290 852 617 589.0916736807608 50 770 364.44478319767455 949 595
0 0 0 1 16 300 362 290 852 617 589.0916736807608 50 770 364.44478319767455 950 595
0 0 0 1 16 300 362 290 852 617 589.0916736807608 50 770 364.44478319767455 951 596
0 0 0 1 16 300 362 290 852 617 589.0916736807608 50 770 364.44478319767455 952 596
0 0 0 1 16 300 362 290 852 617 589.0916736807608 50 770 364.44478319767455 953 596
0 0 0 1 16 300 362 290 852 617 589.0916736807608 50 770 364.44478319767455 954 597
0 0 0 1 16 300 362 290 852 617 589.0916736807608 50 770 364.44478319767455 955 598
0 0 0 1 16 300 362 290 852 617 589.0916736807608 50 770 364.44478319767455 955 599
0 0 0 1 16 300 362 290 852 617 589.0916736807608 50 770 364.44478319767455 955 601
0 0 0 1 16 300 362 290 852 617 589.0916736807608 50 770 364.44478319767455 948 606
0 0 0 1 16 300 362 290 852 617 589.0916736807608 50 770 364.44478319767455 936 610
0 0 0 1 16 300 362 290 852 617 589.0916736807608 50 770 364.44478319767455 924 613
0 0 0 1 16 300 362 290 852 617 589.0916736807608 50 770 364.44478319767455 915 615
0 0 0 1 16 300 362 290 852 617 589.0916736807608 50 770 364.44478319767455 909 615
0 0 0 1 16 300 362 290 852 617 589.0916736807608 50 770 364.44478319767455 903 615
0 0 0 1 16 300 362 290 852 617 589.0916736807608 50 770 364.44478319767455 897 614
0 0 0 1 16 300 362 290 852 617 589.0916736807608 50 770 364.44478319767455 893 613
0 0 0 1 16 300 362 290 852 617 589.0916736807608 50 770 364.44478319767455 889 612
0 0 0 1 16 300 362 290 852 617 589.0916736807608 50 770 364.44478319767455 886 611
0 0 0 1 16 300 362 290 852 617 589.0916736807608 50 770 364.44478319767455 883 610
0 0 0 1 16 300 362 290 852 617 589.0916736807608 50 770 364.44478319767455 881 610
0 0 0 1 16 300 362 290 852 617 589.0916736807608 50 770 364.44478319767455 880 610
0 0 0 1 16 300 362 290 852 617 589.0916736807608 50 770 364.44478319767455 879 610
0 0 0 1 16 300 362 290 852 617 589.0916736807608 50 770 364.44478319767455 876 610
0 0 0 1 16 300 362 290 852 617 589.0916736807608 50 770 364.44478319767455 874 610
0 0 0 1 16 300 362 290 852 617 589.0916736807608 50 770 364.44478319767455 871 613
0 0 0 1 16 300 362 290 852 617 589.0916736807608 50 770 364.44478319767455 868 615
0 0 0 1 16 300 362 290 852 617 589.0916736807608 50 770 364.44478319767455 864 617
0 0 0 1 16 300 362 290 852 617 589.0916736807608 50 770 364.44478319767455 862 618
0 0 0 1 16 300 362 290 852 617 589.0916736807608 50 770 364.44478319767455 860 619
0 0 0 1 16 300 852 617 427 192 601.0407640085654 50 671 393.6343480947769 743 417
0 0 0 1 16 300 852 617 427 192 601.0407640085654 50 671 393.6343480947769 732 368
0 0 0 1 16 300 852 617 427 192 601.0407640085654 50 671 393.6343480947769 720 324
0 0 0 1 16 300 852 617 427 192 601.0407640085654 50 671 393.6343480947769 708 287
0 0 0 1 16 300 852 617 427 192 601.0407640085654 50 671 393.6343480947769 699 262
0 0 0 1 16 300 852 617 427 192 601.0407640085654 50 671 393.6343480947769 694 244
0 0 0 1 16 300 852 617 427 192 601.0407640085654 50 671 393.6343480947769 690 229
0 0 0 1 16 300 852 617 427 192 601.0407640085654 50 671 393.6343480947769 687 221
0 0 0 1 16 300 852 617 427 192 601.0407640085654 50 671 393.6343480947769 683 216
0 0 0 1 16 300 852 617 427 192 601.0407640085654 50 671 393.6343480947769 677 211
0 0 0 1 16 300 852 617 427 192 601.0407640085654 50 671 393.6343480947769 672 204
0 0 0 1 16 300 852 617 427 192 601.0407640085654 50 671 393.6343480947769 665 198
0 0 0 1 16 300 852 617 427 192 601.0407640085654 50 671 393.6343480947769 658 195
0 0 0 1 16 300 852 617 427 192 601.0407640085654 50 671 393.6343480947769 652 193
0 0 0 1 16 300 852 617 427 192 601.0407640085654 50 671 393.6343480947769 642 192
0 0 0 1 16 300 852 617 427 192 601.0407640085654 50 671 393.6343480947769 625 192
0 0 0 1 16 300 852 617 427 192 601.0407640085654 50 671 393.6343480947769 606 192
0 0 0 1 16 300 852 617 427 192 601.0407640085654 50 671 393.6343480947769 581 192
0 0 0 1 16 300 852 617 427 192 601.0407640085654 50 671 393.6343480947769 551 192
0 0 0 1 16 300 852 617 427 192 601.0407640085654 50 671 393.6343480947769 519 192
0 0 0 1 16 300 852 617 427 192 601.0407640085654 50 671 393.6343480947769 488 192
0 0 0 1 16 300 852 617 427 192 601.0407640085654 50 671 393.6343480947769 466 192
0 0 0 1 16 300 852 617 427 192 601.0407640085654 50 671 393.6343480947769 445 192
0 0 0 1 16 300 852 617 427 192 601.0407640085654 50 671 393.6343480947769 433 190
0 0 0 1 16 300 852 617 427 192 601.0407640085654 50 671 393.6343480947769 427 189
0 0 0 1 16 300 852 617 427 192 601.0407640085654 50 671 393.6343480947769 425 189
0 0 0 1 16 300 852 617 427 192 601.0407640085654 50 671 393.6343480947769 425 187
0 0 0 1 16 300 852 617 427 192 601.0407640085654 50 671 393.6343480947769 425 185
0 0 0 1 16 300 427 192 754 682 589.0916736807608 50 570 373.8729730804301 591 337
0 0 0 1 16 300 427 192 754 682 589.0916736807608 50 570 373.8729730804301 627 373
0 0 0 1 16 300 427 192 754 682 589.0916736807608 50 570 373.8729730804301 653 414
0 0 0 1 16 300 427 192 754 682 589.0916736807608 50 570 373.8729730804301 675 456
0 0 0 1 16 300 427 192 754 682 589.0916736807608 50 570 373.8729730804301 691 499
0 0 0 1 16 300 427 192 754 682 589.0916736807608 50 570 373.8729730804301 704 537
0 0 0 1 16 300 427 192 754 682 589.0916736807608 50 570 373.8729730804301 713 558
0 0 0 1 16 300 427 192 754 682 589.0916736807608 50 570 373.8729730804301 720 574
0 0 0 1 16 300 427 192 754 682 589.0916736807608 50 570 373.8729730804301 726 588
0 0 0 1 16 300 427 192 754 682 589.0916736807608 50 570 373.8729730804301 729 604
0 0 0 1 16 300 427 192 754 682 589.0916736807608 50 570 373.8729730804301 732 619
0 0 0 1 16 300 427 192 754 682 589.0916736807608 50 570 373.8729730804301 733 634
0 0 0 1 16 300 427 192 754 682 589.0916736807608 50 570 373.8729730804301 735 643
0 0 0 1 16 300 427 192 754 682 589.0916736807608 50 570 373.8729730804301 735 648
0 0 0 1 16 300 427 192 754 682 589.0916736807608 50 570 373.8729730804301 735 651
0 0 0 1 16 300 427 192 754 682 589.0916736807608 50 570 373.8729730804301 735 653
0 0 0 1 16 300 427 192 754 682 589.0916736807608 50 570 373.8729730804301 736 653
0 0 0 1 16 300 427 192 754 682 589.0916736807608 50 570 373.8729730804301 737 655
0 0 0 1 16 300 427 192 754 682 589.0916736807608 50 570 373.8729730804301 741 656
0 0 0 1 16 300 427 192 754 682 589.0916736807608 50 570 373.8729730804301 742 656
0 0 0 1 16 300 427 192 754 682 589.0916736807608 50 570 373.8729730804301 743 658
0 0 0 1 16 300 427 192 754 682 589.0916736807608 50 570 373.8729730804301 744 659
0 0 0 1 16 300 427 192 754 682 589.0916736807608 50 570 373.8729730804301 746 661
0 0 0 1 16 300 427 192 754 682 589.0916736807608 50 570 373.8729730804301 750 665
0 0 0 1 16 300 427 192 754 682 589.0916736807608 50 570 373.8729730804301 754 668
0 0 0 1 16 300 427 192 754 682 589.0916736807608 50 570 373.8729730804301 756 670
0 0 0 1 16 300 427 192 754 682 589.0916736807608 50 570 373.8729730804301 757 672
0 0 0 1 16 300 754 682 525 127 600.3882077456219 50 854 280.6652810733811 624 380
0 0 0 1 16 300 754 682 525 127 600.3882077456219 50 854 280.6652810733811 600 326
0 0 0 1 16 300 754 682 525 127 600.3882077456219 50 854 280.6652810733811 583 289
0 0 0 1 16 300 754 682 525 127 600.3882077456219 50 854 280.6652810733811 573 262
0 0 0 1 16 300 754 682 525 127 600.3882077456219 50 854 280.6652810733811 569 248
0 0 0 1 16 300 754 682 525 127 600.3882077456219 50 854 280.6652810733811 567 237
0 0 0 1 16 300 754 682 525 127 600.3882077456219 50 854 280.6652810733811 566 230
0 0 0 1 16 300 754 682 525 127 600.3882077456219 50 854 280.6652810733811 565 225
0 0 0 1 16 300 754 682 525 127 600.3882077456219 50 854 280.6652810733811 565 222
0 0 0 1 16 300 754 682 525 127 600.3882077456219 50 854 280.6652810733811 565 219
0 0 0 1 16 300 754 682 525 127 600.3882077456219 50 854 280.6652810733811 565 214
0 0 0 1 16 300 754 682 525 127 600.3882077456219 50 854 280.6652810733811 565 205
0 0 0 1 16 300 754 682 525 127 600.3882077456219 50 854 280.6652810733811 563 199
0 0 0 1 16 300 754 682 525 127 600.3882077456219 50 854 280.6652810733811 561 197
0 0 0 1 16 300 754 682 525 127 600.3882077456219 50 854 280.6652810733811 561 196
0 0 0 1 16 300 754 682 525 127 600.3882077456219 50 854 280.6652810733811 561 195
0 0 0 1 16 300 754 682 525 127 600.3882077456219 50 854 280.6652810733811 561 193
0 0 0 1 16 300 754 682 525 127 600.3882077456219 50 854 280.6652810733811 561 189
0 0 0 1 16 300 754 682 525 127 600.3882077456219 50 854 280.6652810733811 561 185
0 0 0 1 16 300 754 682 525 127 600.3882077456219 50 854 280.6652810733811 560 183
0 0 0 1 16 300 754 682 525 127 600.3882077456219 50 854 280.6652810733811 559 180
0 0 0 1 16 300 754 682 525 127 600.3882077456219 50 854 280.6652810733811 559 178
0 0 0 1 16 300 754 682 525 127 600.3882077456219 50 854 280.6652810733811 559 176
0 0 0 1 16 300 754 682 525 127 600.3882077456219 50 854 280.6652810733811 559 173
0 0 0 1 16 300 754 682 525 127 600.3882077456219 50 854 280.6652810733811 560 171
0 0 0 1 16 300 754 682 525 127 600.3882077456219 50 854 280.6652810733811 561 170
0 0 0 1 16 300 754 682 525 127 600.3882077456219 50 854 280.6652810733811 561 169
0 0 0 1 16 300 754 682 525 127 600.3882077456219 50 854 280.6652810733811 562 167
0 0 0 1 16 300 754 682 525 127 600.3882077456219 50 854 280.6652810733811 562 164
0 0 0 1 16 300 754 682 525 127 600.3882077456219 50 854 280.6652810733811 562 162
0 0 0 1 16 300 754 682 525 127 600.3882077456219 50 854 280.6652810733811 561 158
0 0 0 1 16 300 754 682 525 127 600.3882077456219 50 854 280.6652810733811 559 154
0 0 0 1 16 300 754 682 525 127 600.3882077456219 50 854 280.6652810733811 555 149
0 0 0 1 16 300 754 682 525 127 600.3882077456219 50 854 280.6652810733811 553 143
0 0 0 1 16 300 754 682 525 127 600.3882077456219 50 854 280.6652810733811 547 138
0 0 0 1 16 300 754 682 525 127 600.3882077456219 50 854 280.6652810733811 541 133
0 0 0 1 16 300 754 682 525 127 600.3882077456219 50 854 280.6652810733811 536 129
0 0 0 1 16 300 754 682 525 127 600.3882077456219 50 854 280.6652810733811 533 125
0 0 0 1 16 300 754 682 525 127 600.3882077456219 50 854 280.6652810733811 530 122
0 0 0 1 16 300 754 682 525 127 600.3882077456219 50 854 280.6652810733811 528 119
0 0 0 1 16 300 754 682 525 127 600.3882077456219 50 854 280.6652810733811 526 117
