NumberDevice UserId Block NumberClicks NumberCircles DistanceCenter PixelStartCircleX PixelStartCircleY PixelEndCircleX PixelEndCircleY DistanceStartEndCircles TargerWidth ElapsedTime DistanceFirstLastPixel MouseX MouseY
0 0 0 1 16 300 640 107 640 707 600.0 50 1253 575.0139128751582 637 141
0 0 0 1 16 300 640 107 640 707 600.0 50 1253 575.0139128751582 638 157
0 0 0 1 16 300 640 107 640 707 600.0 50 1253 575.0139128751582 640 174
0 0 0 1 16 300 640 107 640 707 600.0 50 1253 575.0139128751582 643 196
0 0 0 1 16 300 640 107 640 707 600.0 50 1253 575.0139128751582 647 219
0 0 0 1 16 300 640 107 640 707 600.0 50 1253 575.0139128751582 650 245
0 0 0 1 16 300 640 107 640 707 600.0 50 1253 575.0139128751582 653 274
0 0 0 1 16 300 640 107 640 707 600.0 50 1253 575.0139128751582 657 305
0 0 0 1 16 300 640 107 640 707 600.0 50 1253 575.0139128751582 660 337
0 0 0 1 16 300 640 107 640 707 600.0 50 1253 575.0139128751582 665 370
0 0 0 1 16 300 640 107 640 707 600.0 50 1253 575.0139128751582 668 401
0 0 0 1 16 300 640 107 640 707 600.0 50 1253 575.0139128751582 671 436
0 0 0 1 16 300 640 107 640 707 600.0 50 1253 575.0139128751582 673 472
0 0 0 1 16 300 640 107 640 707 600.0 50 1253 575.0139128751582 674 501
0 0 0 1 16 300 640 107 640 707 600.0 50 1253 575.0139128751582 676 532
0 0 0 1 16 300 640 107 640 707 600.0 50 1253 575.0139128751582 676 560
0 0 0 1 16 300 640 107 640 707 600.0 50 1253 575.0139128751582 676 584
0 0 0 1 16 300 640 107 640 707 600.0 50 1253 575.0139128751582 673 612
0 0 0 1 16 300 640 107 640 707 600.0 50 1253 575.0139128751582 672 635
0 0 0 1 16 300 640 107 640 707 600.0 50 1253 575.0139128751582 669 652
0 0 0 1 16 300 640 107 640 707 600.0 50 1253 575.0139128751582 668 669
0 0 0 1 16 300 640 107 640 707 600.0 50 1253 575.0139128751582 667 682
0 0 0 1 16 300 640 107 640 707 600.0 50 1253 575.0139128751582 664 694
0 0 0 1 16 300 640 107 640 707 600.0 50 1253 575.0139128751582 662 706
0 0 0 1 16 300 640 107 640 707 600.0 50 1253 575.0139128751582 658 718
0 0 0 1 16 300 640 107 640 707 600.0 50 1253 575.0139128751582 656 726
0 0 0 1 16 300 640 107 640 707 600.0 50 1253 575.0139128751582 655 729
0 0 0 1 16 300 640 107 640 707 600.0 50 1253 575.0139128751582 653 731
0 0 0 1 16 300 640 107 640 707 600.0 50 1253 575.0139128751582 650 735
0 0 0 1 16 300 640 107 640 707 600.0 50 1253 575.0139128751582 648 738
0 0 0 1 16 300 640 107 640 707 600.0 50 1253 575.0139128751582 646 739
0 0 0 1 16 300 640 107 640 707 600.0 50 1253 575.0139128751582 645 740
0 0 0 1 16 300 640 107 640 707 600.0 50 1253 575.0139128751582 645 739
0 0 0 1 16 300 640 107 640 707 600.0 50 1253 575.0139128751582 644 739
0 0 0 1 16 300 640 107 640 707 600.0 50 1253 575.0139128751582 644 737
0 0 0 1 16 300 640 107 640 707 600.0 50 1253 575.0139128751582 644 736
0 0 0 1 16 300 640 107 640 707 600.0 50 1253 575.0139128751582 644 735
0 0 0 1 16 300 640 107 640 707 600.0 50 1253 575.0139128751582 643 734
0 0 0 1 16 300 640 107 640 707 600.0 50 1253 575.0139128751582 643 733
0 0 0 1 16 300 640 107 640 707 600.0 50 1253 575.0139128751582 643 731
0 0 0 1 16 300 640 107 640 707 600.0 50 1253 575.0139128751582 643 730
0 0 0 1 16 300 640 107 640 707 600.0 50 1253 575.0139128751582 643 729
0 0 0 1 16 300 640 107 640 707 600.0 50 1253 575.0139128751582 643 728
0 0 0 1 16 300 640 107 640 707 600.0 50 1253 575.0139128751582 643 726
0 0 0 1 16 300 640 107 640 707 600.0 50 1253 575.0139128751582 643 723
0 0 0 1 16 300 640 107 640 707 600.0 50 1253 575.0139128751582 643 721
0 0 0 1 16 300 640 107 640 707 600.0 50 1253 575.0139128751582 643 718
0 0 0 1 16 300 640 107 640 707 600.0 50 1253 575.0139128751582 642 717
0 0 0 1 16 300 640 107 640 707 600.0 50 1253 575.0139128751582 642 716
0 0 0 1 16 300 640 107 640 707 600.0 50 1253 575.0139128751582 641 716
