NumberDevice UserId Block Sequence NumberClicks NumberCircles CircleID DistanceCenter PixelStartCircleX PixelStartCircleY PixelEndCircleX PixelEndCircleY TargetWidth ElapsedTime MouseX MouseY
0 1 1 1 1 16 1 350 639 162 640 862 60 1244 648 158
0 1 1 1 1 16 1 350 639 162 640 862 60 1244 642 164
0 1 1 1 1 16 1 350 639 162 640 862 60 1244 629 229
0 1 1 1 1 16 1 350 639 162 640 862 60 1244 629 228
0 1 1 1 1 16 1 350 639 162 640 862 60 1244 630 227
0 1 1 1 1 16 1 350 639 162 640 862 60 1244 632 226
0 1 1 1 1 16 1 350 639 162 640 862 60 1244 632 226
0 1 1 1 1 16 1 350 639 162 640 862 60 1244 635 229
0 1 1 1 1 16 1 350 639 162 640 862 60 1244 635 234
0 1 1 1 1 16 1 350 639 162 640 862 60 1244 636 241
0 1 1 1 1 16 1 350 639 162 640 862 60 1244 636 251
0 1 1 1 1 16 1 350 639 162 640 862 60 1244 635 269
0 1 1 1 1 16 1 350 639 162 640 862 60 1244 632 293
0 1 1 1 1 16 1 350 639 162 640 862 60 1244 626 354
0 1 1 1 1 16 1 350 639 162 640 862 60 1244 623 392
0 1 1 1 1 16 1 350 639 162 640 862 60 1244 617 438
0 1 1 1 1 16 1 350 639 162 640 862 60 1244 612 489
0 1 1 1 1 16 1 350 639 162 640 862 60 1244 606 540
0 1 1 1 1 16 1 350 639 162 640 862 60 1244 597 631
0 1 1 1 1 16 1 350 639 162 640 862 60 1244 597 631
0 1 1 1 1 16 1 350 639 162 640 862 60 1244 591 708
0 1 1 1 1 16 1 350 639 162 640 862 60 1244 589 740
0 1 1 1 1 16 1 350 639 162 640 862 60 1244 587 766
0 1 1 1 1 16 1 350 639 162 640 862 60 1244 584 791
0 1 1 1 1 16 1 350 639 162 640 862 60 1244 582 812
0 1 1 1 1 16 1 350 639 162 640 862 60 1244 580 831
0 1 1 1 1 16 1 350 639 162 640 862 60 1244 578 846
0 1 1 1 1 16 1 350 639 162 640 862 60 1244 576 868
0 1 1 1 1 16 1 350 639 162 640 862 60 1244 576 876
0 1 1 1 1 16 1 350 639 162 640 862 60 1244 577 883
0 1 1 1 1 16 1 350 639 162 640 862 60 1244 578 889
0 1 1 1 1 16 1 350 639 162 640 862 60 1244 581 893
0 1 1 1 1 16 1 350 639 162 640 862 60 1244 584 896
0 1 1 1 1 16 1 350 639 162 640 862 60 1244 593 900
0 1 1 1 1 16 1 350 639 162 640 862 60 1244 593 900
0 1 1 1 1 16 1 350 639 162 640 862 60 1244 602 900
0 1 1 1 1 16 1 350 639 162 640 862 60 1244 606 899
0 1 1 1 1 16 1 350 639 162 640 862 60 1244 610 897
0 1 1 1 1 16 1 350 639 162 640 862 60 1244 619 890
0 1 1 1 1 16 1 350 639 162 640 862 60 1244 619 890
0 1 1 1 1 16 1 350 639 162 640 862 60 1244 628 883
0 1 1 1 1 16 1 350 639 162 640 862 60 1244 633 880
0 1 1 1 1 16 1 350 639 162 640 862 60 1244 636 877
0 1 1 1 1 16 1 350 639 162 640 862 60 1244 638 875
0 1 1 1 1 16 1 350 639 162 640 862 60 1244 640 875
0 1 1 1 1 16 1 350 639 162 640 862 60 1244 642 874
0 1 1 1 1 16 1 350 639 162 640 862 60 1244 645 872
0 1 1 1 1 16 1 350 639 162 640 862 60 1244 645 871
0 1 1 1 1 16 1 350 639 162 640 862 60 1244 646 872
0 1 1 1 1 16 2 350 640 862 773 188 60 1590 646 872
0 1 1 1 1 16 2 350 640 862 773 188 60 1590 646 875
0 1 1 1 1 16 2 350 640 862 773 188 60 1590 645 877
0 1 1 1 1 16 2 350 640 862 773 188 60 1590 645 878
0 1 1 1 1 16 2 350 640 862 773 188 60 1590 646 880
0 1 1 1 1 16 2 350 640 862 773 188 60 1590 644 885
0 1 1 1 1 16 2 350 640 862 773 188 60 1590 644 885
0 1 1 1 1 16 2 350 640 862 773 188 60 1590 645 885
0 1 1 1 1 16 2 350 640 862 773 188 60 1590 645 883
0 1 1 1 1 16 2 350 640 862 773 188 60 1590 646 880
0 1 1 1 1 16 2 350 640 862 773 188 60 1590 649 859
0 1 1 1 1 16 2 350 640 862 773 188 60 1590 649 859
0 1 1 1 1 16 2 350 640 862 773 188 60 1590 654 805
0 1 1 1 1 16 2 350 640 862 773 188 60 1590 658 768
0 1 1 1 1 16 2 350 640 862 773 188 60 1590 664 725
0 1 1 1 1 16 2 350 640 862 773 188 60 1590 671 677
0 1 1 1 1 16 2 350 640 862 773 188 60 1590 679 625
0 1 1 1 1 16 2 350 640 862 773 188 60 1590 688 574
0 1 1 1 1 16 2 350 640 862 773 188 60 1590 707 487
0 1 1 1 1 16 2 350 640 862 773 188 60 1590 715 454
0 1 1 1 1 16 2 350 640 862 773 188 60 1590 715 454
0 1 1 1 1 16 2 350 640 862 773 188 60 1590 715 454
0 1 1 1 1 16 2 350 640 862 773 188 60 1590 731 399
0 1 1 1 1 16 2 350 640 862 773 188 60 1590 739 378
0 1 1 1 1 16 2 350 640 862 773 188 60 1590 746 362
0 1 1 1 1 16 2 350 640 862 773 188 60 1590 757 336
0 1 1 1 1 16 2 350 640 862 773 188 60 1590 761 327
0 1 1 1 1 16 2 350 640 862 773 188 60 1590 765 317
0 1 1 1 1 16 2 350 640 862 773 188 60 1590 769 309
0 1 1 1 1 16 2 350 640 862 773 188 60 1590 772 302
0 1 1 1 1 16 2 350 640 862 773 188 60 1590 777 291
0 1 1 1 1 16 2 350 640 862 773 188 60 1590 777 291
0 1 1 1 1 16 2 350 640 862 773 188 60 1590 778 283
0 1 1 1 1 16 2 350 640 862 773 188 60 1590 778 282
0 1 1 1 1 16 2 350 640 862 773 188 60 1590 778 280
0 1 1 1 1 16 2 350 640 862 773 188 60 1590 776 279
0 1 1 1 1 16 2 350 640 862 773 188 60 1590 775 278
0 1 1 1 1 16 2 350 640 862 773 188 60 1590 773 279
0 1 1 1 1 16 2 350 640 862 773 188 60 1590 770 277
0 1 1 1 1 16 2 350 640 862 773 188 60 1590 768 275
0 1 1 1 1 16 2 350 640 862 773 188 60 1590 767 271
0 1 1 1 1 16 2 350 640 862 773 188 60 1590 767 266
0 1 1 1 1 16 2 350 640 862 773 188 60 1590 767 262
0 1 1 1 1 16 2 350 640 862 773 188 60 1590 768 254
0 1 1 1 1 16 2 350 640 862 773 188 60 1590 768 254
0 1 1 1 1 16 2 350 640 862 773 188 60 1590 769 242
0 1 1 1 1 16 2 350 640 862 773 188 60 1590 769 238
0 1 1 1 1 16 2 350 640 862 773 188 60 1590 770 235
0 1 1 1 1 16 2 350 640 862 773 188 60 1590 770 234
0 1 1 1 1 16 2 350 640 862 773 188 60 1590 770 230
0 1 1 1 1 16 2 350 640 862 773 188 60 1590 771 226
0 1 1 1 1 16 2 350 640 862 773 188 60 1590 772 221
0 1 1 1 1 16 2 350 640 862 773 188 60 1590 773 218
0 1 1 1 1 16 2 350 640 862 773 188 60 1590 774 212
0 1 1 1 1 16 2 350 640 862 773 188 60 1590 775 208
0 1 1 1 1 16 2 350 640 862 773 188 60 1590 776 203
0 1 1 1 1 16 2 350 640 862 773 188 60 1590 778 199
0 1 1 1 1 16 2 350 640 862 773 188 60 1590 779 196
0 1 1 1 1 16 2 350 640 862 773 188 60 1590 780 193
0 1 1 1 1 16 2 350 640 862 773 188 60 1590 780 193
0 1 1 1 1 16 2 350 640 862 773 188 60 1590 782 191
0 1 1 1 1 16 2 350 640 862 773 188 60 1590 782 195
0 1 1 1 1 16 2 350 640 862 773 188 60 1590 781 197
0 1 1 1 1 16 3 350 773 188 506 835 60 1189 781 197
0 1 1 1 1 16 3 350 773 188 506 835 60 1189 781 200
0 1 1 1 1 16 3 350 773 188 506 835 60 1189 779 205
0 1 1 1 1 16 3 350 773 188 506 835 60 1189 778 218
0 1 1 1 1 16 3 350 773 188 506 835 60 1189 778 223
0 1 1 1 1 16 3 350 773 188 506 835 60 1189 776 229
0 1 1 1 1 16 3 350 773 188 506 835 60 1189 775 238
0 1 1 1 1 16 3 350 773 188 506 835 60 1189 773 247
0 1 1 1 1 16 3 350 773 188 506 835 60 1189 770 259
0 1 1 1 1 16 3 350 773 188 506 835 60 1189 767 274
0 1 1 1 1 16 3 350 773 188 506 835 60 1189 764 288
0 1 1 1 1 16 3 350 773 188 506 835 60 1189 756 326
0 1 1 1 1 16 3 350 773 188 506 835 60 1189 756 326
0 1 1 1 1 16 3 350 773 188 506 835 60 1189 742 379
0 1 1 1 1 16 3 350 773 188 506 835 60 1189 733 414
0 1 1 1 1 16 3 350 773 188 506 835 60 1189 721 454
0 1 1 1 1 16 3 350 773 188 506 835 60 1189 694 542
0 1 1 1 1 16 3 350 773 188 506 835 60 1189 679 589
0 1 1 1 1 16 3 350 773 188 506 835 60 1189 664 634
0 1 1 1 1 16 3 350 773 188 506 835 60 1189 649 674
0 1 1 1 1 16 3 350 773 188 506 835 60 1189 635 708
0 1 1 1 1 16 3 350 773 188 506 835 60 1189 623 735
0 1 1 1 1 16 3 350 773 188 506 835 60 1189 610 757
0 1 1 1 1 16 3 350 773 188 506 835 60 1189 589 787
0 1 1 1 1 16 3 350 773 188 506 835 60 1189 579 797
0 1 1 1 1 16 3 350 773 188 506 835 60 1189 569 804
0 1 1 1 1 16 3 350 773 188 506 835 60 1189 558 811
0 1 1 1 1 16 3 350 773 188 506 835 60 1189 547 814
0 1 1 1 1 16 3 350 773 188 506 835 60 1189 538 815
0 1 1 1 1 16 3 350 773 188 506 835 60 1189 519 819
0 1 1 1 1 16 3 350 773 188 506 835 60 1189 519 819
0 1 1 1 1 16 3 350 773 188 506 835 60 1189 502 823
0 1 1 1 1 16 3 350 773 188 506 835 60 1189 495 825
0 1 1 1 1 16 3 350 773 188 506 835 60 1189 490 825
0 1 1 1 1 16 3 350 773 188 506 835 60 1189 484 828
0 1 1 1 1 16 3 350 773 188 506 835 60 1189 484 828
0 1 1 1 1 16 3 350 773 188 506 835 60 1189 482 829
0 1 1 1 1 16 3 350 773 188 506 835 60 1189 482 829
0 1 1 1 1 16 3 350 773 188 506 835 60 1189 483 829
0 1 1 1 1 16 3 350 773 188 506 835 60 1189 485 830
0 1 1 1 1 16 3 350 773 188 506 835 60 1189 486 831
0 1 1 1 1 16 3 350 773 188 506 835 60 1189 489 831
0 1 1 1 1 16 3 350 773 188 506 835 60 1189 491 830
0 1 1 1 1 16 3 350 773 188 506 835 60 1189 494 829
0 1 1 1 1 16 3 350 773 188 506 835 60 1189 500 826
0 1 1 1 1 16 3 350 773 188 506 835 60 1189 500 826
0 1 1 1 1 16 3 350 773 188 506 835 60 1189 504 823
0 1 1 1 1 16 4 350 506 835 887 264 60 1075 504 823
0 1 1 1 1 16 4 350 506 835 887 264 60 1075 506 823
0 1 1 1 1 16 4 350 506 835 887 264 60 1075 507 821
0 1 1 1 1 16 4 350 506 835 887 264 60 1075 509 818
0 1 1 1 1 16 4 350 506 835 887 264 60 1075 510 815
0 1 1 1 1 16 4 350 506 835 887 264 60 1075 513 808
0 1 1 1 1 16 4 350 506 835 887 264 60 1075 514 805
0 1 1 1 1 16 4 350 506 835 887 264 60 1075 517 801
0 1 1 1 1 16 4 350 506 835 887 264 60 1075 520 794
0 1 1 1 1 16 4 350 506 835 887 264 60 1075 524 786
0 1 1 1 1 16 4 350 506 835 887 264 60 1075 531 777
0 1 1 1 1 16 4 350 506 835 887 264 60 1075 544 765
0 1 1 1 1 16 4 350 506 835 887 264 60 1075 584 713
0 1 1 1 1 16 4 350 506 835 887 264 60 1075 611 680
0 1 1 1 1 16 4 350 506 835 887 264 60 1075 641 645
0 1 1 1 1 16 4 350 506 835 887 264 60 1075 672 602
0 1 1 1 1 16 4 350 506 835 887 264 60 1075 732 524
0 1 1 1 1 16 4 350 506 835 887 264 60 1075 732 524
0 1 1 1 1 16 4 350 506 835 887 264 60 1075 784 460
0 1 1 1 1 16 4 350 506 835 887 264 60 1075 784 460
0 1 1 1 1 16 4 350 506 835 887 264 60 1075 824 411
0 1 1 1 1 16 4 350 506 835 887 264 60 1075 839 391
0 1 1 1 1 16 4 350 506 835 887 264 60 1075 851 375
0 1 1 1 1 16 4 350 506 835 887 264 60 1075 851 375
0 1 1 1 1 16 4 350 506 835 887 264 60 1075 851 375
0 1 1 1 1 16 4 350 506 835 887 264 60 1075 873 341
0 1 1 1 1 16 4 350 506 835 887 264 60 1075 879 332
0 1 1 1 1 16 4 350 506 835 887 264 60 1075 883 326
0 1 1 1 1 16 4 350 506 835 887 264 60 1075 886 319
0 1 1 1 1 16 4 350 506 835 887 264 60 1075 890 313
0 1 1 1 1 16 4 350 506 835 887 264 60 1075 893 307
0 1 1 1 1 16 4 350 506 835 887 264 60 1075 899 294
0 1 1 1 1 16 4 350 506 835 887 264 60 1075 899 294
0 1 1 1 1 16 4 350 506 835 887 264 60 1075 903 283
0 1 1 1 1 16 4 350 506 835 887 264 60 1075 905 276
0 1 1 1 1 16 4 350 506 835 887 264 60 1075 906 272
0 1 1 1 1 16 4 350 506 835 887 264 60 1075 907 267
0 1 1 1 1 16 4 350 506 835 887 264 60 1075 908 264
0 1 1 1 1 16 4 350 506 835 887 264 60 1075 908 260
0 1 1 1 1 16 4 350 506 835 887 264 60 1075 908 258
0 1 1 1 1 16 4 350 506 835 887 264 60 1075 908 258
0 1 1 1 1 16 4 350 506 835 887 264 60 1075 907 258
0 1 1 1 1 16 4 350 506 835 887 264 60 1075 906 259
0 1 1 1 1 16 5 350 887 264 392 759 60 1367 906 259
0 1 1 1 1 16 5 350 887 264 392 759 60 1367 905 262
0 1 1 1 1 16 5 350 887 264 392 759 60 1367 904 264
0 1 1 1 1 16 5 350 887 264 392 759 60 1367 904 264
0 1 1 1 1 16 5 350 887 264 392 759 60 1367 902 272
0 1 1 1 1 16 5 350 887 264 392 759 60 1367 902 272
0 1 1 1 1 16 5 350 887 264 392 759 60 1367 900 279
0 1 1 1 1 16 5 350 887 264 392 759 60 1367 897 286
0 1 1 1 1 16 5 350 887 264 392 759 60 1367 893 295
0 1 1 1 1 16 5 350 887 264 392 759 60 1367 877 324
0 1 1 1 1 16 5 350 887 264 392 759 60 1367 877 324
0 1 1 1 1 16 5 350 887 264 392 759 60 1367 847 374
0 1 1 1 1 16 5 350 887 264 392 759 60 1367 826 407
0 1 1 1 1 16 5 350 887 264 392 759 60 1367 805 437
0 1 1 1 1 16 5 350 887 264 392 759 60 1367 781 470
0 1 1 1 1 16 5 350 887 264 392 759 60 1367 755 509
0 1 1 1 1 16 5 350 887 264 392 759 60 1367 725 549
0 1 1 1 1 16 5 350 887 264 392 759 60 1367 662 625
0 1 1 1 1 16 5 350 887 264 392 759 60 1367 632 660
0 1 1 1 1 16 5 350 887 264 392 759 60 1367 602 693
0 1 1 1 1 16 5 350 887 264 392 759 60 1367 575 721
0 1 1 1 1 16 5 350 887 264 392 759 60 1367 550 746
0 1 1 1 1 16 5 350 887 264 392 759 60 1367 508 782
0 1 1 1 1 16 5 350 887 264 392 759 60 1367 508 782
0 1 1 1 1 16 5 350 887 264 392 759 60 1367 476 806
0 1 1 1 1 16 5 350 887 264 392 759 60 1367 462 813
0 1 1 1 1 16 5 350 887 264 392 759 60 1367 450 819
0 1 1 1 1 16 5 350 887 264 392 759 60 1367 439 824
0 1 1 1 1 16 5 350 887 264 392 759 60 1367 430 828
0 1 1 1 1 16 5 350 887 264 392 759 60 1367 421 832
0 1 1 1 1 16 5 350 887 264 392 759 60 1367 412 835
0 1 1 1 1 16 5 350 887 264 392 759 60 1367 398 836
0 1 1 1 1 16 5 350 887 264 392 759 60 1367 392 836
0 1 1 1 1 16 5 350 887 264 392 759 60 1367 388 835
0 1 1 1 1 16 5 350 887 264 392 759 60 1367 384 834
0 1 1 1 1 16 5 350 887 264 392 759 60 1367 381 831
0 1 1 1 1 16 5 350 887 264 392 759 60 1367 379 828
0 1 1 1 1 16 5 350 887 264 392 759 60 1367 376 820
0 1 1 1 1 16 5 350 887 264 392 759 60 1367 376 820
0 1 1 1 1 16 5 350 887 264 392 759 60 1367 376 812
0 1 1 1 1 16 5 350 887 264 392 759 60 1367 376 808
0 1 1 1 1 16 5 350 887 264 392 759 60 1367 378 804
0 1 1 1 1 16 5 350 887 264 392 759 60 1367 379 795
0 1 1 1 1 16 5 350 887 264 392 759 60 1367 379 795
0 1 1 1 1 16 5 350 887 264 392 759 60 1367 380 787
0 1 1 1 1 16 5 350 887 264 392 759 60 1367 380 784
0 1 1 1 1 16 5 350 887 264 392 759 60 1367 381 781
0 1 1 1 1 16 5 350 887 264 392 759 60 1367 381 778
0 1 1 1 1 16 5 350 887 264 392 759 60 1367 381 776
0 1 1 1 1 16 5 350 887 264 392 759 60 1367 382 774
0 1 1 1 1 16 5 350 887 264 392 759 60 1367 382 770
0 1 1 1 1 16 5 350 887 264 392 759 60 1367 382 770
0 1 1 1 1 16 5 350 887 264 392 759 60 1367 381 768
0 1 1 1 1 16 5 350 887 264 392 759 60 1367 381 767
0 1 1 1 1 16 6 350 392 759 963 378 60 1054 381 767
0 1 1 1 1 16 6 350 392 759 963 378 60 1054 382 765
0 1 1 1 1 16 6 350 392 759 963 378 60 1054 383 766
0 1 1 1 1 16 6 350 392 759 963 378 60 1054 383 766
0 1 1 1 1 16 6 350 392 759 963 378 60 1054 386 765
0 1 1 1 1 16 6 350 392 759 963 378 60 1054 386 765
0 1 1 1 1 16 6 350 392 759 963 378 60 1054 391 762
0 1 1 1 1 16 6 350 392 759 963 378 60 1054 397 760
0 1 1 1 1 16 6 350 392 759 963 378 60 1054 405 756
0 1 1 1 1 16 6 350 392 759 963 378 60 1054 434 740
0 1 1 1 1 16 6 350 392 759 963 378 60 1054 434 740
0 1 1 1 1 16 6 350 392 759 963 378 60 1054 480 714
0 1 1 1 1 16 6 350 392 759 963 378 60 1054 509 696
0 1 1 1 1 16 6 350 392 759 963 378 60 1054 541 676
0 1 1 1 1 16 6 350 392 759 963 378 60 1054 575 655
0 1 1 1 1 16 6 350 392 759 963 378 60 1054 609 635
0 1 1 1 1 16 6 350 392 759 963 378 60 1054 643 615
0 1 1 1 1 16 6 350 392 759 963 378 60 1054 710 575
0 1 1 1 1 16 6 350 392 759 963 378 60 1054 739 558
0 1 1 1 1 16 6 350 392 759 963 378 60 1054 767 539
0 1 1 1 1 16 6 350 392 759 963 378 60 1054 793 516
0 1 1 1 1 16 6 350 392 759 963 378 60 1054 816 496
0 1 1 1 1 16 6 350 392 759 963 378 60 1054 852 466
0 1 1 1 1 16 6 350 392 759 963 378 60 1054 852 466
0 1 1 1 1 16 6 350 392 759 963 378 60 1054 880 443
0 1 1 1 1 16 6 350 392 759 963 378 60 1054 880 443
0 1 1 1 1 16 6 350 392 759 963 378 60 1054 904 425
0 1 1 1 1 16 6 350 392 759 963 378 60 1054 915 416
0 1 1 1 1 16 6 350 392 759 963 378 60 1054 923 409
0 1 1 1 1 16 6 350 392 759 963 378 60 1054 938 398
0 1 1 1 1 16 6 350 392 759 963 378 60 1054 938 398
0 1 1 1 1 16 6 350 392 759 963 378 60 1054 947 389
0 1 1 1 1 16 6 350 392 759 963 378 60 1054 950 386
0 1 1 1 1 16 6 350 392 759 963 378 60 1054 953 383
0 1 1 1 1 16 6 350 392 759 963 378 60 1054 955 381
0 1 1 1 1 16 6 350 392 759 963 378 60 1054 957 376
0 1 1 1 1 16 6 350 392 759 963 378 60 1054 960 369
0 1 1 1 1 16 6 350 392 759 963 378 60 1054 962 367
0 1 1 1 1 16 6 350 392 759 963 378 60 1054 962 367
0 1 1 1 1 16 6 350 392 759 963 378 60 1054 962 367
0 1 1 1 1 16 6 350 392 759 963 378 60 1054 964 365
0 1 1 1 1 16 6 350 392 759 963 378 60 1054 964 368
0 1 1 1 1 16 7 350 963 378 316 645 60 3161 964 368
0 1 1 1 1 16 7 350 963 378 316 645 60 3161 964 372
0 1 1 1 1 16 7 350 963 378 316 645 60 3161 964 372
0 1 1 1 1 16 7 350 963 378 316 645 60 3161 962 375
0 1 1 1 1 16 7 350 963 378 316 645 60 3161 959 378
0 1 1 1 1 16 7 350 963 378 316 645 60 3161 954 383
0 1 1 1 1 16 7 350 963 378 316 645 60 3161 946 390
0 1 1 1 1 16 7 350 963 378 316 645 60 3161 935 399
0 1 1 1 1 16 7 350 963 378 316 645 60 3161 903 425
0 1 1 1 1 16 7 350 963 378 316 645 60 3161 903 425
0 1 1 1 1 16 7 350 963 378 316 645 60 3161 860 461
0 1 1 1 1 16 7 350 963 378 316 645 60 3161 835 483
0 1 1 1 1 16 7 350 963 378 316 645 60 3161 807 505
0 1 1 1 1 16 7 350 963 378 316 645 60 3161 777 528
0 1 1 1 1 16 7 350 963 378 316 645 60 3161 744 552
0 1 1 1 1 16 7 350 963 378 316 645 60 3161 711 574
0 1 1 1 1 16 7 350 963 378 316 645 60 3161 645 617
0 1 1 1 1 16 7 350 963 378 316 645 60 3161 615 635
0 1 1 1 1 16 7 350 963 378 316 645 60 3161 586 652
0 1 1 1 1 16 7 350 963 378 316 645 60 3161 561 665
0 1 1 1 1 16 7 350 963 378 316 645 60 3161 538 676
0 1 1 1 1 16 7 350 963 378 316 645 60 3161 500 690
0 1 1 1 1 16 7 350 963 378 316 645 60 3161 500 690
0 1 1 1 1 16 7 350 963 378 316 645 60 3161 469 699
0 1 1 1 1 16 7 350 963 378 316 645 60 3161 455 702
0 1 1 1 1 16 7 350 963 378 316 645 60 3161 442 704
0 1 1 1 1 16 7 350 963 378 316 645 60 3161 429 707
0 1 1 1 1 16 7 350 963 378 316 645 60 3161 416 709
0 1 1 1 1 16 7 350 963 378 316 645 60 3161 395 711
0 1 1 1 1 16 7 350 963 378 316 645 60 3161 386 713
0 1 1 1 1 16 7 350 963 378 316 645 60 3161 377 719
0 1 1 1 1 16 7 350 963 378 316 645 60 3161 368 726
0 1 1 1 1 16 7 350 963 378 316 645 60 3161 361 730
0 1 1 1 1 16 7 350 963 378 316 645 60 3161 354 735
0 1 1 1 1 16 7 350 963 378 316 645 60 3161 350 740
0 1 1 1 1 16 7 350 963 378 316 645 60 3161 353 643
0 1 1 1 1 16 7 350 963 378 316 645 60 3161 391 335
0 1 1 1 1 16 7 350 963 378 316 645 60 3161 391 335
0 1 1 1 1 16 7 350 963 378 316 645 60 3161 386 0
0 1 1 1 1 16 7 350 963 378 316 645 60 3161 363 0
0 1 1 1 1 16 7 350 963 378 316 645 60 3161 377 0
0 1 1 1 1 16 7 350 963 378 316 645 60 3161 386 522
0 1 1 1 1 16 7 350 963 378 316 645 60 3161 386 522
0 1 1 1 1 16 7 350 963 378 316 645 60 3161 384 753
0 1 1 1 1 16 7 350 963 378 316 645 60 3161 380 811
0 1 1 1 1 16 7 350 963 378 316 645 60 3161 378 837
0 1 1 1 1 16 7 350 963 378 316 645 60 3161 232 305
0 1 1 1 1 16 7 350 963 378 316 645 60 3161 319 934
0 1 1 1 1 16 7 350 963 378 316 645 60 3161 319 934
0 1 1 1 1 16 7 350 963 378 316 645 60 3161 319 934
0 1 1 1 1 16 7 350 963 378 316 645 60 3161 319 934
0 1 1 1 1 16 7 350 963 378 316 645 60 3161 319 934
0 1 1 1 1 16 7 350 963 378 316 645 60 3161 319 934
0 1 1 1 1 16 7 350 963 378 316 645 60 3161 319 934
0 1 1 1 1 16 7 350 963 378 316 645 60 3161 319 934
0 1 1 1 1 16 7 350 963 378 316 645 60 3161 319 934
0 1 1 1 1 16 7 350 963 378 316 645 60 3161 319 934
0 1 1 1 1 16 7 350 963 378 316 645 60 3161 319 934
0 1 1 1 1 16 7 350 963 378 316 645 60 3161 319 934
0 1 1 1 1 16 7 350 963 378 316 645 60 3161 319 934
0 1 1 1 1 16 7 350 963 378 316 645 60 3161 319 934
0 1 1 1 1 16 7 350 963 378 316 645 60 3161 319 934
0 1 1 1 1 16 7 350 963 378 316 645 60 3161 319 934
0 1 1 1 1 16 7 350 963 378 316 645 60 3161 71 0
0 1 1 1 1 16 7 350 963 378 316 645 60 3161 541 298
0 1 1 1 1 16 7 350 963 378 316 645 60 3161 541 298
0 1 1 1 1 16 7 350 963 378 316 645 60 3161 507 562
0 1 1 1 1 16 7 350 963 378 316 645 60 3161 488 603
0 1 1 1 1 16 7 350 963 378 316 645 60 3161 468 633
0 1 1 1 1 16 7 350 963 378 316 645 60 3161 440 659
0 1 1 1 1 16 7 350 963 378 316 645 60 3161 440 659
0 1 1 1 1 16 7 350 963 378 316 645 60 3161 427 676
0 1 1 1 1 16 7 350 963 378 316 645 60 3161 422 686
0 1 1 1 1 16 7 350 963 378 316 645 60 3161 420 696
0 1 1 1 1 16 7 350 963 378 316 645 60 3161 418 704
0 1 1 1 1 16 7 350 963 378 316 645 60 3161 416 712
0 1 1 1 1 16 7 350 963 378 316 645 60 3161 414 720
0 1 1 1 1 16 7 350 963 378 316 645 60 3161 408 733
0 1 1 1 1 16 7 350 963 378 316 645 60 3161 405 738
0 1 1 1 1 16 7 350 963 378 316 645 60 3161 402 741
0 1 1 1 1 16 7 350 963 378 316 645 60 3161 399 744
0 1 1 1 1 16 7 350 963 378 316 645 60 3161 397 746
0 1 1 1 1 16 7 350 963 378 316 645 60 3161 396 746
0 1 1 1 1 16 7 350 963 378 316 645 60 3161 395 746
0 1 1 1 1 16 7 350 963 378 316 645 60 3161 394 743
0 1 1 1 1 16 7 350 963 378 316 645 60 3161 394 743
0 1 1 1 1 16 7 350 963 378 316 645 60 3161 395 737
0 1 1 1 1 16 7 350 963 378 316 645 60 3161 396 732
0 1 1 1 1 16 7 350 963 378 316 645 60 3161 398 726
0 1 1 1 1 16 7 350 963 378 316 645 60 3161 402 713
0 1 1 1 1 16 7 350 963 378 316 645 60 3161 402 713
0 1 1 1 1 16 7 350 963 378 316 645 60 3161 405 700
0 1 1 1 1 16 7 350 963 378 316 645 60 3161 406 693
0 1 1 1 1 16 7 350 963 378 316 645 60 3161 407 688
0 1 1 1 1 16 7 350 963 378 316 645 60 3161 408 683
0 1 1 1 1 16 7 350 963 378 316 645 60 3161 408 677
0 1 1 1 1 16 7 350 963 378 316 645 60 3161 407 673
0 1 1 1 1 16 7 350 963 378 316 645 60 3161 404 667
0 1 1 1 1 16 7 350 963 378 316 645 60 3161 404 667
0 1 1 1 1 16 7 350 963 378 316 645 60 3161 398 664
0 1 1 1 1 16 7 350 963 378 316 645 60 3161 394 665
0 1 1 1 1 16 7 350 963 378 316 645 60 3161 389 665
0 1 1 1 1 16 7 350 963 378 316 645 60 3161 379 666
0 1 1 1 1 16 7 350 963 378 316 645 60 3161 379 666
0 1 1 1 1 16 7 350 963 378 316 645 60 3161 369 666
0 1 1 1 1 16 7 350 963 378 316 645 60 3161 364 665
0 1 1 1 1 16 7 350 963 378 316 645 60 3161 360 664
0 1 1 1 1 16 7 350 963 378 316 645 60 3161 356 663
0 1 1 1 1 16 7 350 963 378 316 645 60 3161 356 663
0 1 1 1 1 16 7 350 963 378 316 645 60 3161 356 663
0 1 1 1 1 16 7 350 963 378 316 645 60 3161 348 659
0 1 1 1 1 16 7 350 963 378 316 645 60 3161 342 654
0 1 1 1 1 16 7 350 963 378 316 645 60 3161 339 653
0 1 1 1 1 16 7 350 963 378 316 645 60 3161 337 650
0 1 1 1 1 16 7 350 963 378 316 645 60 3161 336 647
0 1 1 1 1 16 7 350 963 378 316 645 60 3161 335 645
0 1 1 1 1 16 7 350 963 378 316 645 60 3161 334 644
0 1 1 1 1 16 7 350 963 378 316 645 60 3161 332 644
0 1 1 1 1 16 7 350 963 378 316 645 60 3161 332 644
0 1 1 1 1 16 7 350 963 378 316 645 60 3161 329 644
0 1 1 1 1 16 7 350 963 378 316 645 60 3161 327 646
0 1 1 1 1 16 7 350 963 378 316 645 60 3161 325 647
0 1 1 1 1 16 7 350 963 378 316 645 60 3161 324 648
0 1 1 1 1 16 8 350 316 645 990 512 60 1526 324 648
0 1 1 1 1 16 8 350 316 645 990 512 60 1526 324 648
0 1 1 1 1 16 8 350 316 645 990 512 60 1526 323 648
0 1 1 1 1 16 8 350 316 645 990 512 60 1526 324 649
0 1 1 1 1 16 8 350 316 645 990 512 60 1526 324 647
0 1 1 1 1 16 8 350 316 645 990 512 60 1526 325 647
0 1 1 1 1 16 8 350 316 645 990 512 60 1526 324 649
0 1 1 1 1 16 8 350 316 645 990 512 60 1526 324 651
0 1 1 1 1 16 8 350 316 645 990 512 60 1526 326 653
0 1 1 1 1 16 8 350 316 645 990 512 60 1526 328 655
0 1 1 1 1 16 8 350 316 645 990 512 60 1526 335 662
0 1 1 1 1 16 8 350 316 645 990 512 60 1526 335 662
0 1 1 1 1 16 8 350 316 645 990 512 60 1526 348 672
0 1 1 1 1 16 8 350 316 645 990 512 60 1526 357 675
0 1 1 1 1 16 8 350 316 645 990 512 60 1526 369 679
0 1 1 1 1 16 8 350 316 645 990 512 60 1526 404 679
0 1 1 1 1 16 8 350 316 645 990 512 60 1526 404 679
0 1 1 1 1 16 8 350 316 645 990 512 60 1526 456 672
0 1 1 1 1 16 8 350 316 645 990 512 60 1526 485 668
0 1 1 1 1 16 8 350 316 645 990 512 60 1526 517 665
0 1 1 1 1 16 8 350 316 645 990 512 60 1526 548 662
0 1 1 1 1 16 8 350 316 645 990 512 60 1526 579 657
0 1 1 1 1 16 8 350 316 645 990 512 60 1526 608 653
0 1 1 1 1 16 8 350 316 645 990 512 60 1526 662 639
0 1 1 1 1 16 8 350 316 645 990 512 60 1526 687 631
0 1 1 1 1 16 8 350 316 645 990 512 60 1526 710 624
0 1 1 1 1 16 8 350 316 645 990 512 60 1526 730 617
0 1 1 1 1 16 8 350 316 645 990 512 60 1526 750 608
0 1 1 1 1 16 8 350 316 645 990 512 60 1526 787 586
0 1 1 1 1 16 8 350 316 645 990 512 60 1526 787 586
0 1 1 1 1 16 8 350 316 645 990 512 60 1526 819 564
0 1 1 1 1 16 8 350 316 645 990 512 60 1526 833 554
0 1 1 1 1 16 8 350 316 645 990 512 60 1526 846 544
0 1 1 1 1 16 8 350 316 645 990 512 60 1526 868 526
0 1 1 1 1 16 8 350 316 645 990 512 60 1526 868 526
0 1 1 1 1 16 8 350 316 645 990 512 60 1526 888 509
0 1 1 1 1 16 8 350 316 645 990 512 60 1526 888 509
0 1 1 1 1 16 8 350 316 645 990 512 60 1526 905 493
0 1 1 1 1 16 8 350 316 645 990 512 60 1526 912 487
0 1 1 1 1 16 8 350 316 645 990 512 60 1526 918 482
0 1 1 1 1 16 8 350 316 645 990 512 60 1526 923 479
0 1 1 1 1 16 8 350 316 645 990 512 60 1526 927 477
0 1 1 1 1 16 8 350 316 645 990 512 60 1526 931 475
0 1 1 1 1 16 8 350 316 645 990 512 60 1526 938 473
0 1 1 1 1 16 8 350 316 645 990 512 60 1526 940 473
0 1 1 1 1 16 8 350 316 645 990 512 60 1526 943 473
0 1 1 1 1 16 8 350 316 645 990 512 60 1526 945 474
0 1 1 1 1 16 8 350 316 645 990 512 60 1526 948 475
0 1 1 1 1 16 8 350 316 645 990 512 60 1526 952 480
0 1 1 1 1 16 8 350 316 645 990 512 60 1526 952 480
0 1 1 1 1 16 8 350 316 645 990 512 60 1526 957 486
0 1 1 1 1 16 8 350 316 645 990 512 60 1526 960 488
0 1 1 1 1 16 8 350 316 645 990 512 60 1526 962 490
0 1 1 1 1 16 8 350 316 645 990 512 60 1526 965 492
0 1 1 1 1 16 8 350 316 645 990 512 60 1526 968 493
0 1 1 1 1 16 8 350 316 645 990 512 60 1526 974 493
0 1 1 1 1 16 8 350 316 645 990 512 60 1526 977 493
0 1 1 1 1 16 8 350 316 645 990 512 60 1526 980 493
0 1 1 1 1 16 8 350 316 645 990 512 60 1526 983 492
0 1 1 1 1 16 8 350 316 645 990 512 60 1526 985 492
0 1 1 1 1 16 8 350 316 645 990 512 60 1526 987 492
0 1 1 1 1 16 9 350 990 512 290 512 60 1366 987 492
0 1 1 1 1 16 9 350 990 512 290 512 60 1366 989 493
0 1 1 1 1 16 9 350 990 512 290 512 60 1366 989 493
0 1 1 1 1 16 9 350 990 512 290 512 60 1366 991 494
0 1 1 1 1 16 9 350 990 512 290 512 60 1366 991 494
0 1 1 1 1 16 9 350 990 512 290 512 60 1366 992 495
0 1 1 1 1 16 9 350 990 512 290 512 60 1366 992 496
0 1 1 1 1 16 9 350 990 512 290 512 60 1366 991 498
0 1 1 1 1 16 9 350 990 512 290 512 60 1366 985 502
0 1 1 1 1 16 9 350 990 512 290 512 60 1366 985 502
0 1 1 1 1 16 9 350 990 512 290 512 60 1366 970 508
0 1 1 1 1 16 9 350 990 512 290 512 60 1366 958 512
0 1 1 1 1 16 9 350 990 512 290 512 60 1366 942 515
0 1 1 1 1 16 9 350 990 512 290 512 60 1366 922 520
0 1 1 1 1 16 9 350 990 512 290 512 60 1366 899 525
0 1 1 1 1 16 9 350 990 512 290 512 60 1366 874 528
0 1 1 1 1 16 9 350 990 512 290 512 60 1366 818 535
0 1 1 1 1 16 9 350 990 512 290 512 60 1366 790 538
0 1 1 1 1 16 9 350 990 512 290 512 60 1366 762 542
0 1 1 1 1 16 9 350 990 512 290 512 60 1366 735 547
0 1 1 1 1 16 9 350 990 512 290 512 60 1366 708 553
0 1 1 1 1 16 9 350 990 512 290 512 60 1366 684 556
0 1 1 1 1 16 9 350 990 512 290 512 60 1366 659 561
0 1 1 1 1 16 9 350 990 512 290 512 60 1366 612 568
0 1 1 1 1 16 9 350 990 512 290 512 60 1366 612 568
0 1 1 1 1 16 9 350 990 512 290 512 60 1366 564 577
0 1 1 1 1 16 9 350 990 512 290 512 60 1366 541 581
0 1 1 1 1 16 9 350 990 512 290 512 60 1366 519 584
0 1 1 1 1 16 9 350 990 512 290 512 60 1366 476 588
0 1 1 1 1 16 9 350 990 512 290 512 60 1366 476 588
0 1 1 1 1 16 9 350 990 512 290 512 60 1366 436 591
0 1 1 1 1 16 9 350 990 512 290 512 60 1366 418 591
0 1 1 1 1 16 9 350 990 512 290 512 60 1366 401 590
0 1 1 1 1 16 9 350 990 512 290 512 60 1366 385 590
0 1 1 1 1 16 9 350 990 512 290 512 60 1366 370 589
0 1 1 1 1 16 9 350 990 512 290 512 60 1366 356 588
0 1 1 1 1 16 9 350 990 512 290 512 60 1366 343 586
0 1 1 1 1 16 9 350 990 512 290 512 60 1366 343 586
0 1 1 1 1 16 9 350 990 512 290 512 60 1366 325 579
0 1 1 1 1 16 9 350 990 512 290 512 60 1366 319 573
0 1 1 1 1 16 9 350 990 512 290 512 60 1366 313 568
0 1 1 1 1 16 9 350 990 512 290 512 60 1366 305 559
0 1 1 1 1 16 9 350 990 512 290 512 60 1366 305 559
0 1 1 1 1 16 9 350 990 512 290 512 60 1366 300 548
0 1 1 1 1 16 9 350 990 512 290 512 60 1366 299 544
0 1 1 1 1 16 9 350 990 512 290 512 60 1366 298 540
0 1 1 1 1 16 9 350 990 512 290 512 60 1366 297 532
0 1 1 1 1 16 9 350 990 512 290 512 60 1366 297 532
0 1 1 1 1 16 9 350 990 512 290 512 60 1366 296 526
0 1 1 1 1 16 9 350 990 512 290 512 60 1366 296 526
0 1 1 1 1 16 9 350 990 512 290 512 60 1366 293 521
0 1 1 1 1 16 9 350 990 512 290 512 60 1366 292 520
0 1 1 1 1 16 9 350 990 512 290 512 60 1366 291 521
0 1 1 1 1 16 9 350 990 512 290 512 60 1366 290 521
0 1 1 1 1 16 10 350 290 512 963 645 60 1119 290 521
0 1 1 1 1 16 10 350 290 512 963 645 60 1119 289 521
0 1 1 1 1 16 10 350 290 512 963 645 60 1119 286 521
0 1 1 1 1 16 10 350 290 512 963 645 60 1119 285 524
0 1 1 1 1 16 10 350 290 512 963 645 60 1119 284 524
0 1 1 1 1 16 10 350 290 512 963 645 60 1119 284 524
0 1 1 1 1 16 10 350 290 512 963 645 60 1119 283 523
0 1 1 1 1 16 10 350 290 512 963 645 60 1119 284 523
0 1 1 1 1 16 10 350 290 512 963 645 60 1119 291 521
0 1 1 1 1 16 10 350 290 512 963 645 60 1119 291 521
0 1 1 1 1 16 10 350 290 512 963 645 60 1119 306 520
0 1 1 1 1 16 10 350 290 512 963 645 60 1119 319 521
0 1 1 1 1 16 10 350 290 512 963 645 60 1119 336 524
0 1 1 1 1 16 10 350 290 512 963 645 60 1119 357 527
0 1 1 1 1 16 10 350 290 512 963 645 60 1119 380 533
0 1 1 1 1 16 10 350 290 512 963 645 60 1119 437 550
0 1 1 1 1 16 10 350 290 512 963 645 60 1119 469 559
0 1 1 1 1 16 10 350 290 512 963 645 60 1119 502 568
0 1 1 1 1 16 10 350 290 512 963 645 60 1119 535 579
0 1 1 1 1 16 10 350 290 512 963 645 60 1119 569 588
0 1 1 1 1 16 10 350 290 512 963 645 60 1119 603 595
0 1 1 1 1 16 10 350 290 512 963 645 60 1119 638 602
0 1 1 1 1 16 10 350 290 512 963 645 60 1119 671 609
0 1 1 1 1 16 10 350 290 512 963 645 60 1119 732 621
0 1 1 1 1 16 10 350 290 512 963 645 60 1119 732 621
0 1 1 1 1 16 10 350 290 512 963 645 60 1119 783 628
0 1 1 1 1 16 10 350 290 512 963 645 60 1119 805 628
0 1 1 1 1 16 10 350 290 512 963 645 60 1119 825 627
0 1 1 1 1 16 10 350 290 512 963 645 60 1119 843 627
0 1 1 1 1 16 10 350 290 512 963 645 60 1119 857 625
0 1 1 1 1 16 10 350 290 512 963 645 60 1119 881 621
0 1 1 1 1 16 10 350 290 512 963 645 60 1119 890 621
0 1 1 1 1 16 10 350 290 512 963 645 60 1119 898 621
0 1 1 1 1 16 10 350 290 512 963 645 60 1119 905 619
0 1 1 1 1 16 10 350 290 512 963 645 60 1119 913 616
0 1 1 1 1 16 10 350 290 512 963 645 60 1119 920 613
0 1 1 1 1 16 10 350 290 512 963 645 60 1119 933 611
0 1 1 1 1 16 10 350 290 512 963 645 60 1119 933 611
0 1 1 1 1 16 10 350 290 512 963 645 60 1119 944 612
0 1 1 1 1 16 10 350 290 512 963 645 60 1119 948 614
0 1 1 1 1 16 10 350 290 512 963 645 60 1119 951 618
0 1 1 1 1 16 10 350 290 512 963 645 60 1119 954 621
0 1 1 1 1 16 10 350 290 512 963 645 60 1119 956 624
0 1 1 1 1 16 10 350 290 512 963 645 60 1119 958 631
0 1 1 1 1 16 11 350 963 645 316 378 60 1583 958 631
0 1 1 1 1 16 11 350 963 645 316 378 60 1583 959 633
0 1 1 1 1 16 11 350 963 645 316 378 60 1583 960 636
0 1 1 1 1 16 11 350 963 645 316 378 60 1583 961 637
0 1 1 1 1 16 11 350 963 645 316 378 60 1583 963 637
0 1 1 1 1 16 11 350 963 645 316 378 60 1583 965 635
0 1 1 1 1 16 11 350 963 645 316 378 60 1583 965 634
0 1 1 1 1 16 11 350 963 645 316 378 60 1583 963 633
0 1 1 1 1 16 11 350 963 645 316 378 60 1583 961 632
0 1 1 1 1 16 11 350 963 645 316 378 60 1583 957 630
0 1 1 1 1 16 11 350 963 645 316 378 60 1583 951 629
0 1 1 1 1 16 11 350 963 645 316 378 60 1583 943 627
0 1 1 1 1 16 11 350 963 645 316 378 60 1583 931 624
0 1 1 1 1 16 11 350 963 645 316 378 60 1583 903 611
0 1 1 1 1 16 11 350 963 645 316 378 60 1583 903 611
0 1 1 1 1 16 11 350 963 645 316 378 60 1583 862 597
0 1 1 1 1 16 11 350 963 645 316 378 60 1583 838 589
0 1 1 1 1 16 11 350 963 645 316 378 60 1583 812 580
0 1 1 1 1 16 11 350 963 645 316 378 60 1583 755 564
0 1 1 1 1 16 11 350 963 645 316 378 60 1583 755 564
0 1 1 1 1 16 11 350 963 645 316 378 60 1583 696 552
0 1 1 1 1 16 11 350 963 645 316 378 60 1583 668 547
0 1 1 1 1 16 11 350 963 645 316 378 60 1583 641 540
0 1 1 1 1 16 11 350 963 645 316 378 60 1583 615 532
0 1 1 1 1 16 11 350 963 645 316 378 60 1583 590 525
0 1 1 1 1 16 11 350 963 645 316 378 60 1583 565 516
0 1 1 1 1 16 11 350 963 645 316 378 60 1583 542 509
0 1 1 1 1 16 11 350 963 645 316 378 60 1583 519 500
0 1 1 1 1 16 11 350 963 645 316 378 60 1583 476 484
0 1 1 1 1 16 11 350 963 645 316 378 60 1583 455 478
0 1 1 1 1 16 11 350 963 645 316 378 60 1583 437 468
0 1 1 1 1 16 11 350 963 645 316 378 60 1583 401 450
0 1 1 1 1 16 11 350 963 645 316 378 60 1583 401 450
0 1 1 1 1 16 11 350 963 645 316 378 60 1583 369 435
0 1 1 1 1 16 11 350 963 645 316 378 60 1583 369 435
0 1 1 1 1 16 11 350 963 645 316 378 60 1583 341 418
0 1 1 1 1 16 11 350 963 645 316 378 60 1583 328 410
0 1 1 1 1 16 11 350 963 645 316 378 60 1583 317 402
0 1 1 1 1 16 11 350 963 645 316 378 60 1583 308 395
0 1 1 1 1 16 11 350 963 645 316 378 60 1583 300 388
0 1 1 1 1 16 11 350 963 645 316 378 60 1583 293 382
0 1 1 1 1 16 11 350 963 645 316 378 60 1583 282 377
0 1 1 1 1 16 11 350 963 645 316 378 60 1583 282 377
0 1 1 1 1 16 11 350 963 645 316 378 60 1583 274 376
0 1 1 1 1 16 11 350 963 645 316 378 60 1583 272 374
0 1 1 1 1 16 11 350 963 645 316 378 60 1583 270 372
0 1 1 1 1 16 11 350 963 645 316 378 60 1583 269 372
0 1 1 1 1 16 11 350 963 645 316 378 60 1583 269 372
0 1 1 1 1 16 11 350 963 645 316 378 60 1583 268 376
0 1 1 1 1 16 11 350 963 645 316 378 60 1583 268 375
0 1 1 1 1 16 11 350 963 645 316 378 60 1583 269 377
0 1 1 1 1 16 11 350 963 645 316 378 60 1583 269 377
0 1 1 1 1 16 11 350 963 645 316 378 60 1583 269 377
0 1 1 1 1 16 11 350 963 645 316 378 60 1583 272 378
0 1 1 1 1 16 11 350 963 645 316 378 60 1583 279 380
0 1 1 1 1 16 11 350 963 645 316 378 60 1583 279 380
0 1 1 1 1 16 11 350 963 645 316 378 60 1583 285 381
0 1 1 1 1 16 11 350 963 645 316 378 60 1583 292 381
0 1 1 1 1 16 11 350 963 645 316 378 60 1583 292 381
0 1 1 1 1 16 11 350 963 645 316 378 60 1583 299 382
0 1 1 1 1 16 11 350 963 645 316 378 60 1583 302 382
0 1 1 1 1 16 11 350 963 645 316 378 60 1583 305 381
0 1 1 1 1 16 11 350 963 645 316 378 60 1583 309 379
0 1 1 1 1 16 12 350 316 378 887 759 60 1247 309 379
0 1 1 1 1 16 12 350 316 378 887 759 60 1247 312 376
0 1 1 1 1 16 12 350 316 378 887 759 60 1247 314 375
0 1 1 1 1 16 12 350 316 378 887 759 60 1247 318 376
0 1 1 1 1 16 12 350 316 378 887 759 60 1247 318 376
0 1 1 1 1 16 12 350 316 378 887 759 60 1247 322 379
0 1 1 1 1 16 12 350 316 378 887 759 60 1247 323 382
0 1 1 1 1 16 12 350 316 378 887 759 60 1247 325 385
0 1 1 1 1 16 12 350 316 378 887 759 60 1247 332 391
0 1 1 1 1 16 12 350 316 378 887 759 60 1247 337 395
0 1 1 1 1 16 12 350 316 378 887 759 60 1247 342 402
0 1 1 1 1 16 12 350 316 378 887 759 60 1247 350 410
0 1 1 1 1 16 12 350 316 378 887 759 60 1247 360 419
0 1 1 1 1 16 12 350 316 378 887 759 60 1247 373 428
0 1 1 1 1 16 12 350 316 378 887 759 60 1247 403 461
0 1 1 1 1 16 12 350 316 378 887 759 60 1247 403 461
0 1 1 1 1 16 12 350 316 378 887 759 60 1247 444 503
0 1 1 1 1 16 12 350 316 378 887 759 60 1247 468 528
0 1 1 1 1 16 12 350 316 378 887 759 60 1247 494 556
0 1 1 1 1 16 12 350 316 378 887 759 60 1247 549 613
0 1 1 1 1 16 12 350 316 378 887 759 60 1247 549 613
0 1 1 1 1 16 12 350 316 378 887 759 60 1247 605 661
0 1 1 1 1 16 12 350 316 378 887 759 60 1247 631 682
0 1 1 1 1 16 12 350 316 378 887 759 60 1247 655 702
0 1 1 1 1 16 12 350 316 378 887 759 60 1247 677 717
0 1 1 1 1 16 12 350 316 378 887 759 60 1247 697 730
0 1 1 1 1 16 12 350 316 378 887 759 60 1247 730 750
0 1 1 1 1 16 12 350 316 378 887 759 60 1247 744 758
0 1 1 1 1 16 12 350 316 378 887 759 60 1247 757 764
0 1 1 1 1 16 12 350 316 378 887 759 60 1247 770 766
0 1 1 1 1 16 12 350 316 378 887 759 60 1247 793 770
0 1 1 1 1 16 12 350 316 378 887 759 60 1247 793 770
0 1 1 1 1 16 12 350 316 378 887 759 60 1247 814 769
0 1 1 1 1 16 12 350 316 378 887 759 60 1247 824 765
0 1 1 1 1 16 12 350 316 378 887 759 60 1247 833 760
0 1 1 1 1 16 12 350 316 378 887 759 60 1247 841 755
0 1 1 1 1 16 12 350 316 378 887 759 60 1247 849 749
0 1 1 1 1 16 12 350 316 378 887 759 60 1247 856 744
0 1 1 1 1 16 12 350 316 378 887 759 60 1247 868 736
0 1 1 1 1 16 12 350 316 378 887 759 60 1247 873 735
0 1 1 1 1 16 12 350 316 378 887 759 60 1247 878 734
0 1 1 1 1 16 12 350 316 378 887 759 60 1247 882 735
0 1 1 1 1 16 12 350 316 378 887 759 60 1247 886 737
0 1 1 1 1 16 12 350 316 378 887 759 60 1247 892 744
0 1 1 1 1 16 12 350 316 378 887 759 60 1247 894 750
0 1 1 1 1 16 12 350 316 378 887 759 60 1247 896 753
0 1 1 1 1 16 12 350 316 378 887 759 60 1247 898 754
0 1 1 1 1 16 12 350 316 378 887 759 60 1247 900 754
0 1 1 1 1 16 12 350 316 378 887 759 60 1247 902 755
0 1 1 1 1 16 13 350 887 759 392 264 60 1269 902 755
0 1 1 1 1 16 13 350 887 759 392 264 60 1269 904 755
0 1 1 1 1 16 13 350 887 759 392 264 60 1269 904 756
0 1 1 1 1 16 13 350 887 759 392 264 60 1269 903 756
0 1 1 1 1 16 13 350 887 759 392 264 60 1269 901 755
0 1 1 1 1 16 13 350 887 759 392 264 60 1269 899 756
0 1 1 1 1 16 13 350 887 759 392 264 60 1269 893 757
0 1 1 1 1 16 13 350 887 759 392 264 60 1269 890 757
0 1 1 1 1 16 13 350 887 759 392 264 60 1269 886 754
0 1 1 1 1 16 13 350 887 759 392 264 60 1269 881 750
0 1 1 1 1 16 13 350 887 759 392 264 60 1269 875 744
0 1 1 1 1 16 13 350 887 759 392 264 60 1269 856 721
0 1 1 1 1 16 13 350 887 759 392 264 60 1269 843 705
0 1 1 1 1 16 13 350 887 759 392 264 60 1269 829 686
0 1 1 1 1 16 13 350 887 759 392 264 60 1269 814 666
0 1 1 1 1 16 13 350 887 759 392 264 60 1269 798 644
0 1 1 1 1 16 13 350 887 759 392 264 60 1269 781 621
0 1 1 1 1 16 13 350 887 759 392 264 60 1269 748 571
0 1 1 1 1 16 13 350 887 759 392 264 60 1269 748 571
0 1 1 1 1 16 13 350 887 759 392 264 60 1269 717 520
0 1 1 1 1 16 13 350 887 759 392 264 60 1269 703 495
0 1 1 1 1 16 13 350 887 759 392 264 60 1269 690 472
0 1 1 1 1 16 13 350 887 759 392 264 60 1269 665 433
0 1 1 1 1 16 13 350 887 759 392 264 60 1269 652 415
0 1 1 1 1 16 13 350 887 759 392 264 60 1269 640 398
0 1 1 1 1 16 13 350 887 759 392 264 60 1269 628 380
0 1 1 1 1 16 13 350 887 759 392 264 60 1269 616 365
0 1 1 1 1 16 13 350 887 759 392 264 60 1269 602 351
0 1 1 1 1 16 13 350 887 759 392 264 60 1269 570 337
0 1 1 1 1 16 13 350 887 759 392 264 60 1269 570 337
0 1 1 1 1 16 13 350 887 759 392 264 60 1269 536 322
0 1 1 1 1 16 13 350 887 759 392 264 60 1269 519 319
0 1 1 1 1 16 13 350 887 759 392 264 60 1269 503 316
0 1 1 1 1 16 13 350 887 759 392 264 60 1269 475 313
0 1 1 1 1 16 13 350 887 759 392 264 60 1269 475 313
0 1 1 1 1 16 13 350 887 759 392 264 60 1269 453 311
0 1 1 1 1 16 13 350 887 759 392 264 60 1269 443 307
0 1 1 1 1 16 13 350 887 759 392 264 60 1269 435 300
0 1 1 1 1 16 13 350 887 759 392 264 60 1269 428 294
0 1 1 1 1 16 13 350 887 759 392 264 60 1269 416 285
0 1 1 1 1 16 13 350 887 759 392 264 60 1269 416 285
0 1 1 1 1 16 13 350 887 759 392 264 60 1269 407 277
0 1 1 1 1 16 13 350 887 759 392 264 60 1269 403 272
0 1 1 1 1 16 13 350 887 759 392 264 60 1269 401 265
0 1 1 1 1 16 13 350 887 759 392 264 60 1269 395 257
0 1 1 1 1 16 13 350 887 759 392 264 60 1269 395 257
0 1 1 1 1 16 13 350 887 759 392 264 60 1269 391 254
0 1 1 1 1 16 13 350 887 759 392 264 60 1269 390 254
0 1 1 1 1 16 13 350 887 759 392 264 60 1269 389 255
0 1 1 1 1 16 13 350 887 759 392 264 60 1269 389 255
0 1 1 1 2 16 14 350 392 264 773 835 60 1663 389 255
0 1 1 1 2 16 14 350 392 264 773 835 60 1663 387 258
0 1 1 1 2 16 14 350 392 264 773 835 60 1663 387 258
0 1 1 1 2 16 14 350 392 264 773 835 60 1663 387 269
0 1 1 1 2 16 14 350 392 264 773 835 60 1663 387 269
0 1 1 1 2 16 14 350 392 264 773 835 60 1663 388 279
0 1 1 1 2 16 14 350 392 264 773 835 60 1663 390 287
0 1 1 1 2 16 14 350 392 264 773 835 60 1663 392 292
0 1 1 1 2 16 14 350 392 264 773 835 60 1663 402 309
0 1 1 1 2 16 14 350 392 264 773 835 60 1663 410 318
0 1 1 1 2 16 14 350 392 264 773 835 60 1663 420 330
0 1 1 1 2 16 14 350 392 264 773 835 60 1663 431 344
0 1 1 1 2 16 14 350 392 264 773 835 60 1663 444 360
0 1 1 1 2 16 14 350 392 264 773 835 60 1663 457 378
0 1 1 1 2 16 14 350 392 264 773 835 60 1663 489 419
0 1 1 1 2 16 14 350 392 264 773 835 60 1663 489 419
0 1 1 1 2 16 14 350 392 264 773 835 60 1663 524 470
0 1 1 1 2 16 14 350 392 264 773 835 60 1663 543 497
0 1 1 1 2 16 14 350 392 264 773 835 60 1663 560 527
0 1 1 1 2 16 14 350 392 264 773 835 60 1663 593 584
0 1 1 1 2 16 14 350 392 264 773 835 60 1663 607 612
0 1 1 1 2 16 14 350 392 264 773 835 60 1663 619 639
0 1 1 1 2 16 14 350 392 264 773 835 60 1663 629 665
0 1 1 1 2 16 14 350 392 264 773 835 60 1663 638 691
0 1 1 1 2 16 14 350 392 264 773 835 60 1663 646 714
0 1 1 1 2 16 14 350 392 264 773 835 60 1663 662 757
0 1 1 1 2 16 14 350 392 264 773 835 60 1663 662 757
0 1 1 1 2 16 14 350 392 264 773 835 60 1663 677 791
0 1 1 1 2 16 14 350 392 264 773 835 60 1663 685 805
0 1 1 1 2 16 14 350 392 264 773 835 60 1663 693 816
0 1 1 1 2 16 14 350 392 264 773 835 60 1663 709 833
0 1 1 1 2 16 14 350 392 264 773 835 60 1663 709 833
0 1 1 1 2 16 14 350 392 264 773 835 60 1663 723 843
0 1 1 1 2 16 14 350 392 264 773 835 60 1663 730 845
0 1 1 1 2 16 14 350 392 264 773 835 60 1663 737 848
0 1 1 1 2 16 14 350 392 264 773 835 60 1663 744 851
0 1 1 1 2 16 14 350 392 264 773 835 60 1663 756 855
0 1 1 1 2 16 14 350 392 264 773 835 60 1663 756 855
0 1 1 1 2 16 14 350 392 264 773 835 60 1663 768 856
0 1 1 1 2 16 14 350 392 264 773 835 60 1663 775 856
0 1 1 1 2 16 14 350 392 264 773 835 60 1663 781 856
0 1 1 1 2 16 14 350 392 264 773 835 60 1663 792 853
0 1 1 1 2 16 14 350 392 264 773 835 60 1663 792 853
0 1 1 1 2 16 14 350 392 264 773 835 60 1663 802 849
0 1 1 1 2 16 14 350 392 264 773 835 60 1663 805 849
0 1 1 1 2 16 14 350 392 264 773 835 60 1663 808 850
0 1 1 1 2 16 14 350 392 264 773 835 60 1663 810 848
0 1 1 1 2 16 14 350 392 264 773 835 60 1663 812 847
0 1 1 1 2 16 14 350 392 264 773 835 60 1663 812 846
0 1 1 1 2 16 14 350 392 264 773 835 60 1663 812 846
0 1 1 1 2 16 14 350 392 264 773 835 60 1663 810 847
0 1 1 1 2 16 14 350 392 264 773 835 60 1663 808 849
0 1 1 1 2 16 14 350 392 264 773 835 60 1663 802 850
0 1 1 1 2 16 14 350 392 264 773 835 60 1663 802 850
0 1 1 1 2 16 14 350 392 264 773 835 60 1663 793 851
0 1 1 1 2 16 14 350 392 264 773 835 60 1663 788 849
0 1 1 1 2 16 14 350 392 264 773 835 60 1663 783 848
0 1 1 1 2 16 14 350 392 264 773 835 60 1663 778 846
0 1 1 1 2 16 14 350 392 264 773 835 60 1663 773 843
0 1 1 1 2 16 14 350 392 264 773 835 60 1663 769 840
0 1 1 1 2 16 14 350 392 264 773 835 60 1663 763 835
0 1 1 1 2 16 14 350 392 264 773 835 60 1663 760 833
0 1 1 1 2 16 14 350 392 264 773 835 60 1663 758 831
0 1 1 1 2 16 14 350 392 264 773 835 60 1663 757 830
0 1 1 1 2 16 14 350 392 264 773 835 60 1663 756 832
0 1 1 1 2 16 14 350 392 264 773 835 60 1663 753 832
0 1 1 1 1 16 15 350 773 835 506 188 60 1189 753 832
0 1 1 1 1 16 15 350 773 835 506 188 60 1189 752 832
0 1 1 1 1 16 15 350 773 835 506 188 60 1189 751 832
0 1 1 1 1 16 15 350 773 835 506 188 60 1189 750 832
0 1 1 1 1 16 15 350 773 835 506 188 60 1189 749 830
0 1 1 1 1 16 15 350 773 835 506 188 60 1189 747 829
0 1 1 1 1 16 15 350 773 835 506 188 60 1189 744 817
0 1 1 1 1 16 15 350 773 835 506 188 60 1189 742 809
0 1 1 1 1 16 15 350 773 835 506 188 60 1189 740 800
0 1 1 1 1 16 15 350 773 835 506 188 60 1189 737 791
0 1 1 1 1 16 15 350 773 835 506 188 60 1189 734 781
0 1 1 1 1 16 15 350 773 835 506 188 60 1189 728 757
0 1 1 1 1 16 15 350 773 835 506 188 60 1189 728 757
0 1 1 1 1 16 15 350 773 835 506 188 60 1189 719 729
0 1 1 1 1 16 15 350 773 835 506 188 60 1189 712 713
0 1 1 1 1 16 15 350 773 835 506 188 60 1189 705 691
0 1 1 1 1 16 15 350 773 835 506 188 60 1189 697 661
0 1 1 1 1 16 15 350 773 835 506 188 60 1189 688 628
0 1 1 1 1 16 15 350 773 835 506 188 60 1189 670 552
0 1 1 1 1 16 15 350 773 835 506 188 60 1189 663 514
0 1 1 1 1 16 15 350 773 835 506 188 60 1189 656 477
0 1 1 1 1 16 15 350 773 835 506 188 60 1189 649 444
0 1 1 1 1 16 15 350 773 835 506 188 60 1189 636 392
0 1 1 1 1 16 15 350 773 835 506 188 60 1189 636 392
0 1 1 1 1 16 15 350 773 835 506 188 60 1189 625 353
0 1 1 1 1 16 15 350 773 835 506 188 60 1189 619 336
0 1 1 1 1 16 15 350 773 835 506 188 60 1189 612 322
0 1 1 1 1 16 15 350 773 835 506 188 60 1189 597 302
0 1 1 1 1 16 15 350 773 835 506 188 60 1189 597 302
0 1 1 1 1 16 15 350 773 835 506 188 60 1189 584 281
0 1 1 1 1 16 15 350 773 835 506 188 60 1189 578 273
0 1 1 1 1 16 15 350 773 835 506 188 60 1189 572 265
0 1 1 1 1 16 15 350 773 835 506 188 60 1189 564 261
0 1 1 1 1 16 15 350 773 835 506 188 60 1189 559 254
0 1 1 1 1 16 15 350 773 835 506 188 60 1189 553 250
0 1 1 1 1 16 15 350 773 835 506 188 60 1189 542 241
0 1 1 1 1 16 15 350 773 835 506 188 60 1189 537 237
0 1 1 1 1 16 15 350 773 835 506 188 60 1189 533 232
0 1 1 1 1 16 15 350 773 835 506 188 60 1189 528 227
0 1 1 1 1 16 15 350 773 835 506 188 60 1189 524 225
0 1 1 1 1 16 15 350 773 835 506 188 60 1189 518 218
0 1 1 1 1 16 15 350 773 835 506 188 60 1189 516 215
0 1 1 1 1 16 15 350 773 835 506 188 60 1189 513 211
0 1 1 1 1 16 15 350 773 835 506 188 60 1189 513 211
0 1 1 1 1 16 15 350 773 835 506 188 60 1189 513 211
0 1 1 1 1 16 15 350 773 835 506 188 60 1189 510 206
0 1 1 1 1 16 15 350 773 835 506 188 60 1189 508 205
