NumberDevice UserId Block Sequence NumberClicks NumberCircles CircleID DistanceCenter PixelStartCircleX PixelStartCircleY PixelEndCircleX PixelEndCircleY TargetWidth ElapsedTime MouseX MouseY
0 5 1 1 1 16 1 325 799 94 800 744 48 610 800 89
0 5 1 1 1 16 1 325 799 94 800 744 48 610 771 411
0 5 1 1 1 16 1 325 799 94 800 744 48 610 778 531
0 5 1 1 1 16 1 325 799 94 800 744 48 610 781 562
0 5 1 1 1 16 1 325 799 94 800 744 48 610 793 666
0 5 1 1 1 16 1 325 799 94 800 744 48 610 795 681
0 5 1 1 1 16 1 325 799 94 800 744 48 610 795 681
0 5 1 1 1 16 1 325 799 94 800 744 48 610 795 681
0 5 1 1 1 16 1 325 799 94 800 744 48 610 795 681
0 5 1 1 1 16 1 325 799 94 800 744 48 610 795 681
0 5 1 1 1 16 1 325 799 94 800 744 48 610 795 681
0 5 1 1 1 16 1 325 799 94 800 744 48 610 795 681
0 5 1 1 1 16 1 325 799 94 800 744 48 610 795 682
0 5 1 1 1 16 1 325 799 94 800 744 48 610 794 689
0 5 1 1 1 16 1 325 799 94 800 744 48 610 794 691
0 5 1 1 1 16 1 325 799 94 800 744 48 610 793 698
0 5 1 1 1 16 1 325 799 94 800 744 48 610 793 699
0 5 1 1 1 16 1 325 799 94 800 744 48 610 793 702
0 5 1 1 1 16 1 325 799 94 800 744 48 610 793 705
0 5 1 1 1 16 1 325 799 94 800 744 48 610 793 714
0 5 1 1 1 16 1 325 799 94 800 744 48 610 793 719
0 5 1 1 1 16 1 325 799 94 800 744 48 610 794 727
0 5 1 1 1 16 1 325 799 94 800 744 48 610 794 730
0 5 1 1 1 16 1 325 799 94 800 744 48 610 795 733
0 5 1 1 1 16 1 325 799 94 800 744 48 610 795 733
0 5 1 1 1 16 2 325 800 744 924 118 48 409 905 241
0 5 1 1 1 16 2 325 800 744 924 118 48 409 912 216
0 5 1 1 1 16 2 325 800 744 924 118 48 409 926 150
0 5 1 1 1 16 2 325 800 744 924 118 48 409 929 137
0 5 1 1 1 16 2 325 800 744 924 118 48 409 930 128
0 5 1 1 1 16 2 325 800 744 924 118 48 409 930 127
0 5 1 1 1 16 2 325 800 744 924 118 48 409 930 126
0 5 1 1 1 16 2 325 800 744 924 118 48 409 930 125
0 5 1 1 1 16 2 325 800 744 924 118 48 409 930 125
0 5 1 1 1 16 2 325 800 744 924 118 48 409 930 125
0 5 1 1 1 16 2 325 800 744 924 118 48 409 930 125
0 5 1 1 1 16 2 325 800 744 924 118 48 409 930 125
0 5 1 1 1 16 2 325 800 744 924 118 48 409 930 125
0 5 1 1 1 16 2 325 800 744 924 118 48 409 930 125
0 5 1 1 1 16 2 325 800 744 924 118 48 409 930 125
0 5 1 1 1 16 2 325 800 744 924 118 48 409 930 125
0 5 1 1 1 16 3 325 924 118 675 719 48 523 729 623
0 5 1 1 1 16 3 325 924 118 675 719 48 523 714 676
0 5 1 1 1 16 3 325 924 118 675 719 48 523 710 690
0 5 1 1 1 16 3 325 924 118 675 719 48 523 708 698
0 5 1 1 1 16 3 325 924 118 675 719 48 523 707 699
0 5 1 1 1 16 3 325 924 118 675 719 48 523 707 701
0 5 1 1 1 16 3 325 924 118 675 719 48 523 707 701
0 5 1 1 1 16 3 325 924 118 675 719 48 523 706 703
0 5 1 1 1 16 3 325 924 118 675 719 48 523 705 704
0 5 1 1 1 16 3 325 924 118 675 719 48 523 703 708
0 5 1 1 1 16 3 325 924 118 675 719 48 523 699 714
0 5 1 1 1 16 3 325 924 118 675 719 48 523 693 725
0 5 1 1 1 16 3 325 924 118 675 719 48 523 691 731
0 5 1 1 1 16 3 325 924 118 675 719 48 523 690 733
0 5 1 1 1 16 3 325 924 118 675 719 48 523 689 734
0 5 1 1 1 16 3 325 924 118 675 719 48 523 687 734
0 5 1 1 1 16 3 325 924 118 675 719 48 523 686 734
0 5 1 1 1 16 3 325 924 118 675 719 48 523 685 734
0 5 1 1 1 16 3 325 924 118 675 719 48 523 684 734
0 5 1 1 1 16 3 325 924 118 675 719 48 523 684 734
0 5 1 1 1 16 4 325 675 719 1029 189 48 618 1006 333
0 5 1 1 1 16 4 325 675 719 1029 189 48 618 1057 266
0 5 1 1 1 16 4 325 675 719 1029 189 48 618 1084 228
0 5 1 1 1 16 4 325 675 719 1029 189 48 618 1096 208
0 5 1 1 1 16 4 325 675 719 1029 189 48 618 1105 186
0 5 1 1 1 16 4 325 675 719 1029 189 48 618 1106 182
0 5 1 1 1 16 4 325 675 719 1029 189 48 618 1107 178
0 5 1 1 1 16 4 325 675 719 1029 189 48 618 1107 178
0 5 1 1 1 16 4 325 675 719 1029 189 48 618 1107 177
0 5 1 1 1 16 4 325 675 719 1029 189 48 618 1107 177
0 5 1 1 1 16 4 325 675 719 1029 189 48 618 1107 173
0 5 1 1 1 16 4 325 675 719 1029 189 48 618 1105 171
0 5 1 1 1 16 4 325 675 719 1029 189 48 618 1097 164
0 5 1 1 1 16 4 325 675 719 1029 189 48 618 1092 163
0 5 1 1 1 16 4 325 675 719 1029 189 48 618 1080 163
0 5 1 1 1 16 4 325 675 719 1029 189 48 618 1074 164
0 5 1 1 1 16 4 325 675 719 1029 189 48 618 1054 170
0 5 1 1 1 16 4 325 675 719 1029 189 48 618 1047 173
0 5 1 1 1 16 4 325 675 719 1029 189 48 618 1042 176
0 5 1 1 1 16 4 325 675 719 1029 189 48 618 1041 177
0 5 1 1 1 16 4 325 675 719 1029 189 48 618 1040 177
0 5 1 1 1 16 4 325 675 719 1029 189 48 618 1040 177
0 5 1 1 1 16 4 325 675 719 1029 189 48 618 1040 177
0 5 1 1 1 16 4 325 675 719 1029 189 48 618 1040 177
0 5 1 1 1 16 5 325 1029 189 570 648 48 639 1040 177
0 5 1 1 1 16 5 325 1029 189 570 648 48 639 989 215
0 5 1 1 1 16 5 325 1029 189 570 648 48 639 873 308
0 5 1 1 1 16 5 325 1029 189 570 648 48 639 767 402
0 5 1 1 1 16 5 325 1029 189 570 648 48 639 652 505
0 5 1 1 1 16 5 325 1029 189 570 648 48 639 576 582
0 5 1 1 1 16 5 325 1029 189 570 648 48 639 558 601
0 5 1 1 1 16 5 325 1029 189 570 648 48 639 544 617
0 5 1 1 1 16 5 325 1029 189 570 648 48 639 544 617
0 5 1 1 1 16 5 325 1029 189 570 648 48 639 542 619
0 5 1 1 1 16 5 325 1029 189 570 648 48 639 542 619
0 5 1 1 1 16 5 325 1029 189 570 648 48 639 541 619
0 5 1 1 1 16 5 325 1029 189 570 648 48 639 541 619
0 5 1 1 1 16 5 325 1029 189 570 648 48 639 540 619
0 5 1 1 1 16 5 325 1029 189 570 648 48 639 540 619
0 5 1 1 1 16 5 325 1029 189 570 648 48 639 540 619
0 5 1 1 1 16 5 325 1029 189 570 648 48 639 540 619
0 5 1 1 1 16 5 325 1029 189 570 648 48 639 540 619
0 5 1 1 1 16 5 325 1029 189 570 648 48 639 540 619
0 5 1 1 1 16 5 325 1029 189 570 648 48 639 543 624
0 5 1 1 1 16 5 325 1029 189 570 648 48 639 546 628
0 5 1 1 1 16 5 325 1029 189 570 648 48 639 552 637
0 5 1 1 1 16 5 325 1029 189 570 648 48 639 553 639
0 5 1 1 1 16 5 325 1029 189 570 648 48 639 554 640
0 5 1 1 1 16 5 325 1029 189 570 648 48 639 554 640
0 5 1 1 2 16 6 325 570 648 1100 294 48 962 765 527
0 5 1 1 2 16 6 325 570 648 1100 294 48 962 864 479
0 5 1 1 2 16 6 325 570 648 1100 294 48 962 960 431
0 5 1 1 2 16 6 325 570 648 1100 294 48 962 997 413
0 5 1 1 2 16 6 325 570 648 1100 294 48 962 1041 390
0 5 1 1 2 16 6 325 570 648 1100 294 48 962 1046 388
0 5 1 1 2 16 6 325 570 648 1100 294 48 962 1051 385
0 5 1 1 2 16 6 325 570 648 1100 294 48 962 1052 385
0 5 1 1 2 16 6 325 570 648 1100 294 48 962 1053 383
0 5 1 1 2 16 6 325 570 648 1100 294 48 962 1053 383
0 5 1 1 2 16 6 325 570 648 1100 294 48 962 1056 380
0 5 1 1 2 16 6 325 570 648 1100 294 48 962 1057 378
0 5 1 1 2 16 6 325 570 648 1100 294 48 962 1062 367
0 5 1 1 2 16 6 325 570 648 1100 294 48 962 1070 357
0 5 1 1 2 16 6 325 570 648 1100 294 48 962 1082 345
0 5 1 1 2 16 6 325 570 648 1100 294 48 962 1086 341
0 5 1 1 2 16 6 325 570 648 1100 294 48 962 1090 334
0 5 1 1 2 16 6 325 570 648 1100 294 48 962 1092 331
0 5 1 1 2 16 6 325 570 648 1100 294 48 962 1092 326
0 5 1 1 2 16 6 325 570 648 1100 294 48 962 1093 325
0 5 1 1 2 16 6 325 570 648 1100 294 48 962 1093 323
0 5 1 1 2 16 6 325 570 648 1100 294 48 962 1093 322
0 5 1 1 2 16 6 325 570 648 1100 294 48 962 1093 322
0 5 1 1 2 16 6 325 570 648 1100 294 48 962 1093 322
0 5 1 1 2 16 6 325 570 648 1100 294 48 962 1094 320
0 5 1 1 2 16 6 325 570 648 1100 294 48 962 1094 320
0 5 1 1 2 16 6 325 570 648 1100 294 48 962 1094 320
0 5 1 1 2 16 6 325 570 648 1100 294 48 962 1094 320
0 5 1 1 2 16 6 325 570 648 1100 294 48 962 1094 320
0 5 1 1 2 16 6 325 570 648 1100 294 48 962 1094 320
0 5 1 1 2 16 6 325 570 648 1100 294 48 962 1094 320
0 5 1 1 2 16 6 325 570 648 1100 294 48 962 1094 320
0 5 1 1 2 16 6 325 570 648 1100 294 48 962 1094 320
0 5 1 1 2 16 6 325 570 648 1100 294 48 962 1094 320
0 5 1 1 2 16 6 325 570 648 1100 294 48 962 1094 320
0 5 1 1 2 16 6 325 570 648 1100 294 48 962 1095 313
0 5 1 1 2 16 6 325 570 648 1100 294 48 962 1096 310
0 5 1 1 2 16 6 325 570 648 1100 294 48 962 1096 308
0 5 1 1 2 16 6 325 570 648 1100 294 48 962 1096 307
0 5 1 1 1 16 7 325 1100 294 499 543 48 582 976 340
0 5 1 1 1 16 7 325 1100 294 499 543 48 582 914 359
0 5 1 1 1 16 7 325 1100 294 499 543 48 582 715 442
0 5 1 1 1 16 7 325 1100 294 499 543 48 582 687 457
0 5 1 1 1 16 7 325 1100 294 499 543 48 582 562 520
0 5 1 1 1 16 7 325 1100 294 499 543 48 582 524 539
0 5 1 1 1 16 7 325 1100 294 499 543 48 582 501 550
0 5 1 1 1 16 7 325 1100 294 499 543 48 582 493 552
0 5 1 1 1 16 7 325 1100 294 499 543 48 582 486 554
0 5 1 1 1 16 7 325 1100 294 499 543 48 582 484 555
0 5 1 1 1 16 7 325 1100 294 499 543 48 582 483 555
0 5 1 1 1 16 7 325 1100 294 499 543 48 582 483 555
0 5 1 1 1 16 7 325 1100 294 499 543 48 582 482 555
0 5 1 1 1 16 7 325 1100 294 499 543 48 582 481 555
0 5 1 1 1 16 7 325 1100 294 499 543 48 582 481 555
0 5 1 1 1 16 7 325 1100 294 499 543 48 582 480 555
0 5 1 1 1 16 7 325 1100 294 499 543 48 582 480 555
0 5 1 1 1 16 7 325 1100 294 499 543 48 582 479 555
0 5 1 1 1 16 7 325 1100 294 499 543 48 582 479 555
0 5 1 1 1 16 7 325 1100 294 499 543 48 582 479 555
0 5 1 1 1 16 7 325 1100 294 499 543 48 582 479 555
0 5 1 1 1 16 7 325 1100 294 499 543 48 582 479 555
0 5 1 1 1 16 7 325 1100 294 499 543 48 582 479 554
0 5 1 1 1 16 8 325 499 543 1125 419 48 560 479 554
0 5 1 1 1 16 8 325 499 543 1125 419 48 560 718 496
0 5 1 1 1 16 8 325 499 543 1125 419 48 560 784 484
0 5 1 1 1 16 8 325 499 543 1125 419 48 560 957 457
0 5 1 1 1 16 8 325 499 543 1125 419 48 560 1068 449
0 5 1 1 1 16 8 325 499 543 1125 419 48 560 1137 444
0 5 1 1 1 16 8 325 499 543 1125 419 48 560 1164 442
0 5 1 1 1 16 8 325 499 543 1125 419 48 560 1180 441
0 5 1 1 1 16 8 325 499 543 1125 419 48 560 1181 440
0 5 1 1 1 16 8 325 499 543 1125 419 48 560 1183 440
0 5 1 1 1 16 8 325 499 543 1125 419 48 560 1183 440
0 5 1 1 1 16 8 325 499 543 1125 419 48 560 1183 440
0 5 1 1 1 16 8 325 499 543 1125 419 48 560 1183 440
0 5 1 1 1 16 8 325 499 543 1125 419 48 560 1183 440
0 5 1 1 1 16 8 325 499 543 1125 419 48 560 1183 440
0 5 1 1 1 16 8 325 499 543 1125 419 48 560 1182 438
0 5 1 1 1 16 8 325 499 543 1125 419 48 560 1174 434
0 5 1 1 1 16 8 325 499 543 1125 419 48 560 1145 421
0 5 1 1 1 16 8 325 499 543 1125 419 48 560 1134 415
0 5 1 1 1 16 8 325 499 543 1125 419 48 560 1124 408
0 5 1 1 1 16 8 325 499 543 1125 419 48 560 1123 407
0 5 1 1 1 16 8 325 499 543 1125 419 48 560 1122 406
0 5 1 1 1 16 8 325 499 543 1125 419 48 560 1121 406
0 5 1 1 1 16 9 325 1125 419 475 419 48 678 979 403
0 5 1 1 1 16 9 325 1125 419 475 419 48 678 798 400
0 5 1 1 1 16 9 325 1125 419 475 419 48 678 502 404
0 5 1 1 1 16 9 325 1125 419 475 419 48 678 445 405
0 5 1 1 1 16 9 325 1125 419 475 419 48 678 387 405
0 5 1 1 1 16 9 325 1125 419 475 419 48 678 382 405
0 5 1 1 1 16 9 325 1125 419 475 419 48 678 382 405
0 5 1 1 1 16 9 325 1125 419 475 419 48 678 382 405
0 5 1 1 1 16 9 325 1125 419 475 419 48 678 382 405
0 5 1 1 1 16 9 325 1125 419 475 419 48 678 382 405
0 5 1 1 1 16 9 325 1125 419 475 419 48 678 382 405
0 5 1 1 1 16 9 325 1125 419 475 419 48 678 382 405
0 5 1 1 1 16 9 325 1125 419 475 419 48 678 382 405
0 5 1 1 1 16 9 325 1125 419 475 419 48 678 382 405
0 5 1 1 1 16 9 325 1125 419 475 419 48 678 387 405
0 5 1 1 1 16 9 325 1125 419 475 419 48 678 400 405
0 5 1 1 1 16 9 325 1125 419 475 419 48 678 418 405
0 5 1 1 1 16 9 325 1125 419 475 419 48 678 432 406
0 5 1 1 1 16 9 325 1125 419 475 419 48 678 450 407
0 5 1 1 1 16 9 325 1125 419 475 419 48 678 455 407
0 5 1 1 1 16 9 325 1125 419 475 419 48 678 459 408
0 5 1 1 1 16 9 325 1125 419 475 419 48 678 460 409
0 5 1 1 1 16 9 325 1125 419 475 419 48 678 462 410
0 5 1 1 1 16 9 325 1125 419 475 419 48 678 463 411
0 5 1 1 1 16 9 325 1125 419 475 419 48 678 464 412
0 5 1 1 1 16 9 325 1125 419 475 419 48 678 464 412
0 5 1 1 1 16 9 325 1125 419 475 419 48 678 464 412
0 5 1 1 1 16 10 325 475 419 1100 543 48 781 464 412
0 5 1 1 1 16 10 325 475 419 1100 543 48 781 549 435
0 5 1 1 1 16 10 325 475 419 1100 543 48 781 657 468
0 5 1 1 1 16 10 325 475 419 1100 543 48 781 813 508
0 5 1 1 1 16 10 325 475 419 1100 543 48 781 839 515
0 5 1 1 1 16 10 325 475 419 1100 543 48 781 951 550
0 5 1 1 1 16 10 325 475 419 1100 543 48 781 971 556
0 5 1 1 1 16 10 325 475 419 1100 543 48 781 995 565
0 5 1 1 1 16 10 325 475 419 1100 543 48 781 1001 567
0 5 1 1 1 16 10 325 475 419 1100 543 48 781 1002 568
0 5 1 1 1 16 10 325 475 419 1100 543 48 781 1003 568
0 5 1 1 1 16 10 325 475 419 1100 543 48 781 1003 568
0 5 1 1 1 16 10 325 475 419 1100 543 48 781 1003 568
0 5 1 1 1 16 10 325 475 419 1100 543 48 781 1003 568
0 5 1 1 1 16 10 325 475 419 1100 543 48 781 1004 568
0 5 1 1 1 16 10 325 475 419 1100 543 48 781 1005 568
0 5 1 1 1 16 10 325 475 419 1100 543 48 781 1012 570
0 5 1 1 1 16 10 325 475 419 1100 543 48 781 1023 573
0 5 1 1 1 16 10 325 475 419 1100 543 48 781 1027 573
0 5 1 1 1 16 10 325 475 419 1100 543 48 781 1053 564
0 5 1 1 1 16 10 325 475 419 1100 543 48 781 1071 553
0 5 1 1 1 16 10 325 475 419 1100 543 48 781 1084 543
0 5 1 1 1 16 10 325 475 419 1100 543 48 781 1091 538
0 5 1 1 1 16 10 325 475 419 1100 543 48 781 1095 534
0 5 1 1 1 16 10 325 475 419 1100 543 48 781 1097 533
0 5 1 1 1 16 10 325 475 419 1100 543 48 781 1098 533
0 5 1 1 1 16 10 325 475 419 1100 543 48 781 1098 533
0 5 1 1 1 16 10 325 475 419 1100 543 48 781 1098 532
0 5 1 1 1 16 10 325 475 419 1100 543 48 781 1099 532
0 5 1 1 1 16 10 325 475 419 1100 543 48 781 1099 532
0 5 1 1 1 16 10 325 475 419 1100 543 48 781 1099 532
0 5 1 1 1 16 11 325 1100 543 499 294 48 643 1099 532
0 5 1 1 1 16 11 325 1100 543 499 294 48 643 645 384
0 5 1 1 1 16 11 325 1100 543 499 294 48 643 554 347
0 5 1 1 1 16 11 325 1100 543 499 294 48 643 424 288
0 5 1 1 1 16 11 325 1100 543 499 294 48 643 411 283
0 5 1 1 1 16 11 325 1100 543 499 294 48 643 385 270
0 5 1 1 1 16 11 325 1100 543 499 294 48 643 383 268
0 5 1 1 1 16 11 325 1100 543 499 294 48 643 382 267
0 5 1 1 1 16 11 325 1100 543 499 294 48 643 382 266
0 5 1 1 1 16 11 325 1100 543 499 294 48 643 382 266
0 5 1 1 1 16 11 325 1100 543 499 294 48 643 385 266
0 5 1 1 1 16 11 325 1100 543 499 294 48 643 393 268
0 5 1 1 1 16 11 325 1100 543 499 294 48 643 398 271
0 5 1 1 1 16 11 325 1100 543 499 294 48 643 406 274
0 5 1 1 1 16 11 325 1100 543 499 294 48 643 414 278
0 5 1 1 1 16 11 325 1100 543 499 294 48 643 443 286
0 5 1 1 1 16 11 325 1100 543 499 294 48 643 457 289
0 5 1 1 1 16 11 325 1100 543 499 294 48 643 489 295
0 5 1 1 1 16 11 325 1100 543 499 294 48 643 498 296
0 5 1 1 1 16 11 325 1100 543 499 294 48 643 502 296
0 5 1 1 1 16 11 325 1100 543 499 294 48 643 502 296
0 5 1 1 1 16 11 325 1100 543 499 294 48 643 504 296
0 5 1 1 1 16 11 325 1100 543 499 294 48 643 504 296
0 5 1 1 1 16 11 325 1100 543 499 294 48 643 504 296
0 5 1 1 1 16 11 325 1100 543 499 294 48 643 504 296
0 5 1 1 1 16 11 325 1100 543 499 294 48 643 504 296
0 5 1 1 1 16 12 325 499 294 1029 648 48 855 504 296
0 5 1 1 1 16 12 325 499 294 1029 648 48 855 508 298
0 5 1 1 1 16 12 325 499 294 1029 648 48 855 529 317
0 5 1 1 1 16 12 325 499 294 1029 648 48 855 633 388
0 5 1 1 1 16 12 325 499 294 1029 648 48 855 720 447
0 5 1 1 1 16 12 325 499 294 1029 648 48 855 842 535
0 5 1 1 1 16 12 325 499 294 1029 648 48 855 905 583
0 5 1 1 1 16 12 325 499 294 1029 648 48 855 942 610
0 5 1 1 1 16 12 325 499 294 1029 648 48 855 947 613
0 5 1 1 1 16 12 325 499 294 1029 648 48 855 947 613
0 5 1 1 1 16 12 325 499 294 1029 648 48 855 947 613
0 5 1 1 1 16 12 325 499 294 1029 648 48 855 947 613
0 5 1 1 1 16 12 325 499 294 1029 648 48 855 947 613
0 5 1 1 1 16 12 325 499 294 1029 648 48 855 947 613
0 5 1 1 1 16 12 325 499 294 1029 648 48 855 947 613
0 5 1 1 1 16 12 325 499 294 1029 648 48 855 947 613
0 5 1 1 1 16 12 325 499 294 1029 648 48 855 948 614
0 5 1 1 1 16 12 325 499 294 1029 648 48 855 958 617
0 5 1 1 1 16 12 325 499 294 1029 648 48 855 970 621
0 5 1 1 1 16 12 325 499 294 1029 648 48 855 1001 628
0 5 1 1 1 16 12 325 499 294 1029 648 48 855 1009 630
0 5 1 1 1 16 12 325 499 294 1029 648 48 855 1016 631
0 5 1 1 1 16 12 325 499 294 1029 648 48 855 1017 631
0 5 1 1 1 16 12 325 499 294 1029 648 48 855 1018 631
0 5 1 1 1 16 12 325 499 294 1029 648 48 855 1018 631
0 5 1 1 1 16 12 325 499 294 1029 648 48 855 1019 631
0 5 1 1 1 16 12 325 499 294 1029 648 48 855 1019 632
0 5 1 1 1 16 12 325 499 294 1029 648 48 855 1020 632
0 5 1 1 1 16 12 325 499 294 1029 648 48 855 1021 632
0 5 1 1 1 16 12 325 499 294 1029 648 48 855 1023 634
0 5 1 1 1 16 12 325 499 294 1029 648 48 855 1023 635
0 5 1 1 1 16 12 325 499 294 1029 648 48 855 1024 636
0 5 1 1 1 16 12 325 499 294 1029 648 48 855 1025 636
0 5 1 1 1 16 12 325 499 294 1029 648 48 855 1025 636
0 5 1 1 1 16 12 325 499 294 1029 648 48 855 1025 636
0 5 1 1 1 16 13 325 1029 648 570 189 48 1177 906 554
0 5 1 1 1 16 13 325 1029 648 570 189 48 1177 842 493
0 5 1 1 1 16 13 325 1029 648 570 189 48 1177 786 436
0 5 1 1 1 16 13 325 1029 648 570 189 48 1177 742 391
0 5 1 1 1 16 13 325 1029 648 570 189 48 1177 714 361
0 5 1 1 1 16 13 325 1029 648 570 189 48 1177 704 350
0 5 1 1 1 16 13 325 1029 648 570 189 48 1177 699 344
0 5 1 1 1 16 13 325 1029 648 570 189 48 1177 698 344
0 5 1 1 1 16 13 325 1029 648 570 189 48 1177 698 343
0 5 1 1 1 16 13 325 1029 648 570 189 48 1177 698 342
0 5 1 1 1 16 13 325 1029 648 570 189 48 1177 697 342
0 5 1 1 1 16 13 325 1029 648 570 189 48 1177 697 341
0 5 1 1 1 16 13 325 1029 648 570 189 48 1177 693 339
0 5 1 1 1 16 13 325 1029 648 570 189 48 1177 687 336
0 5 1 1 1 16 13 325 1029 648 570 189 48 1177 657 319
0 5 1 1 1 16 13 325 1029 648 570 189 48 1177 650 315
0 5 1 1 1 16 13 325 1029 648 570 189 48 1177 628 295
0 5 1 1 1 16 13 325 1029 648 570 189 48 1177 622 288
0 5 1 1 1 16 13 325 1029 648 570 189 48 1177 616 282
0 5 1 1 1 16 13 325 1029 648 570 189 48 1177 616 282
0 5 1 1 1 16 13 325 1029 648 570 189 48 1177 616 282
0 5 1 1 1 16 13 325 1029 648 570 189 48 1177 616 282
0 5 1 1 1 16 13 325 1029 648 570 189 48 1177 616 282
0 5 1 1 1 16 13 325 1029 648 570 189 48 1177 616 282
0 5 1 1 1 16 13 325 1029 648 570 189 48 1177 616 282
0 5 1 1 1 16 13 325 1029 648 570 189 48 1177 616 282
0 5 1 1 1 16 13 325 1029 648 570 189 48 1177 616 282
0 5 1 1 1 16 13 325 1029 648 570 189 48 1177 612 276
0 5 1 1 1 16 13 325 1029 648 570 189 48 1177 601 259
0 5 1 1 1 16 13 325 1029 648 570 189 48 1177 591 246
0 5 1 1 1 16 13 325 1029 648 570 189 48 1177 582 236
0 5 1 1 1 16 13 325 1029 648 570 189 48 1177 581 233
0 5 1 1 1 16 13 325 1029 648 570 189 48 1177 579 232
0 5 1 1 1 16 13 325 1029 648 570 189 48 1177 578 230
0 5 1 1 1 16 13 325 1029 648 570 189 48 1177 577 226
0 5 1 1 1 16 13 325 1029 648 570 189 48 1177 576 225
0 5 1 1 1 16 13 325 1029 648 570 189 48 1177 575 221
0 5 1 1 1 16 13 325 1029 648 570 189 48 1177 575 220
0 5 1 1 1 16 13 325 1029 648 570 189 48 1177 575 218
0 5 1 1 1 16 13 325 1029 648 570 189 48 1177 575 216
0 5 1 1 1 16 13 325 1029 648 570 189 48 1177 574 214
0 5 1 1 1 16 13 325 1029 648 570 189 48 1177 574 212
0 5 1 1 1 16 13 325 1029 648 570 189 48 1177 573 211
0 5 1 1 1 16 13 325 1029 648 570 189 48 1177 573 210
0 5 1 1 1 16 13 325 1029 648 570 189 48 1177 573 209
0 5 1 1 1 16 13 325 1029 648 570 189 48 1177 573 207
0 5 1 1 1 16 13 325 1029 648 570 189 48 1177 573 205
0 5 1 1 1 16 14 325 570 189 924 719 48 1312 573 205
0 5 1 1 1 16 14 325 570 189 924 719 48 1312 572 203
0 5 1 1 1 16 14 325 570 189 924 719 48 1312 572 203
0 5 1 1 1 16 14 325 570 189 924 719 48 1312 572 203
0 5 1 1 1 16 14 325 570 189 924 719 48 1312 572 203
0 5 1 1 1 16 14 325 570 189 924 719 48 1312 571 203
0 5 1 1 1 16 14 325 570 189 924 719 48 1312 571 203
0 5 1 1 1 16 14 325 570 189 924 719 48 1312 590 223
0 5 1 1 1 16 14 325 570 189 924 719 48 1312 610 246
0 5 1 1 1 16 14 325 570 189 924 719 48 1312 683 322
0 5 1 1 1 16 14 325 570 189 924 719 48 1312 731 371
0 5 1 1 1 16 14 325 570 189 924 719 48 1312 803 445
0 5 1 1 1 16 14 325 570 189 924 719 48 1312 851 497
0 5 1 1 1 16 14 325 570 189 924 719 48 1312 901 554
0 5 1 1 1 16 14 325 570 189 924 719 48 1312 911 564
0 5 1 1 1 16 14 325 570 189 924 719 48 1312 929 582
0 5 1 1 1 16 14 325 570 189 924 719 48 1312 932 584
0 5 1 1 1 16 14 325 570 189 924 719 48 1312 934 586
0 5 1 1 1 16 14 325 570 189 924 719 48 1312 934 586
0 5 1 1 1 16 14 325 570 189 924 719 48 1312 934 586
0 5 1 1 1 16 14 325 570 189 924 719 48 1312 934 586
0 5 1 1 1 16 14 325 570 189 924 719 48 1312 934 589
0 5 1 1 1 16 14 325 570 189 924 719 48 1312 934 591
0 5 1 1 1 16 14 325 570 189 924 719 48 1312 931 610
0 5 1 1 1 16 14 325 570 189 924 719 48 1312 931 617
0 5 1 1 1 16 14 325 570 189 924 719 48 1312 929 639
0 5 1 1 1 16 14 325 570 189 924 719 48 1312 928 646
0 5 1 1 1 16 14 325 570 189 924 719 48 1312 927 657
0 5 1 1 1 16 14 325 570 189 924 719 48 1312 927 661
0 5 1 1 1 16 14 325 570 189 924 719 48 1312 927 669
0 5 1 1 1 16 14 325 570 189 924 719 48 1312 927 677
0 5 1 1 1 16 14 325 570 189 924 719 48 1312 927 681
0 5 1 1 1 16 14 325 570 189 924 719 48 1312 927 682
0 5 1 1 1 16 14 325 570 189 924 719 48 1312 927 683
0 5 1 1 1 16 14 325 570 189 924 719 48 1312 927 684
0 5 1 1 1 16 14 325 570 189 924 719 48 1312 927 685
0 5 1 1 1 16 14 325 570 189 924 719 48 1312 927 686
0 5 1 1 1 16 14 325 570 189 924 719 48 1312 927 687
0 5 1 1 1 16 14 325 570 189 924 719 48 1312 927 689
0 5 1 1 1 16 14 325 570 189 924 719 48 1312 926 694
0 5 1 1 1 16 14 325 570 189 924 719 48 1312 925 702
0 5 1 1 1 16 14 325 570 189 924 719 48 1312 925 710
0 5 1 1 1 16 14 325 570 189 924 719 48 1312 925 711
0 5 1 1 1 16 14 325 570 189 924 719 48 1312 925 713
0 5 1 1 1 16 14 325 570 189 924 719 48 1312 925 713
0 5 1 1 1 16 14 325 570 189 924 719 48 1312 925 713
0 5 1 1 1 16 14 325 570 189 924 719 48 1312 925 714
0 5 1 1 1 16 14 325 570 189 924 719 48 1312 925 715
0 5 1 1 1 16 14 325 570 189 924 719 48 1312 925 715
0 5 1 1 1 16 14 325 570 189 924 719 48 1312 925 715
0 5 1 1 1 16 14 325 570 189 924 719 48 1312 925 715
0 5 1 1 1 16 14 325 570 189 924 719 48 1312 925 715
0 5 1 1 1 16 14 325 570 189 924 719 48 1312 925 715
0 5 1 1 2 16 15 325 924 719 675 118 48 3811 925 715
0 5 1 1 2 16 15 325 924 719 675 118 48 3811 925 715
0 5 1 1 2 16 15 325 924 719 675 118 48 3811 925 715
0 5 1 1 2 16 15 325 924 719 675 118 48 3811 925 715
0 5 1 1 2 16 15 325 924 719 675 118 48 3811 925 715
0 5 1 1 2 16 15 325 924 719 675 118 48 3811 925 715
0 5 1 1 2 16 15 325 924 719 675 118 48 3811 925 715
0 5 1 1 2 16 15 325 924 719 675 118 48 3811 925 715
0 5 1 1 2 16 15 325 924 719 675 118 48 3811 780 388
0 5 1 1 2 16 15 325 924 719 675 118 48 3811 763 343
0 5 1 1 2 16 15 325 924 719 675 118 48 3811 747 300
0 5 1 1 2 16 15 325 924 719 675 118 48 3811 743 284
0 5 1 1 2 16 15 325 924 719 675 118 48 3811 739 257
0 5 1 1 2 16 15 325 924 719 675 118 48 3811 738 253
0 5 1 1 2 16 15 325 924 719 675 118 48 3811 737 248
0 5 1 1 2 16 15 325 924 719 675 118 48 3811 737 247
0 5 1 1 2 16 15 325 924 719 675 118 48 3811 735 240
0 5 1 1 2 16 15 325 924 719 675 118 48 3811 734 236
0 5 1 1 2 16 15 325 924 719 675 118 48 3811 731 224
0 5 1 1 2 16 15 325 924 719 675 118 48 3811 728 216
0 5 1 1 2 16 15 325 924 719 675 118 48 3811 721 195
0 5 1 1 2 16 15 325 924 719 675 118 48 3811 720 189
0 5 1 1 2 16 15 325 924 719 675 118 48 3811 719 187
0 5 1 1 2 16 15 325 924 719 675 118 48 3811 719 187
0 5 1 1 2 16 15 325 924 719 675 118 48 3811 719 187
0 5 1 1 2 16 15 325 924 719 675 118 48 3811 719 187
0 5 1 1 2 16 15 325 924 719 675 118 48 3811 719 187
0 5 1 1 2 16 15 325 924 719 675 118 48 3811 719 187
0 5 1 1 2 16 15 325 924 719 675 118 48 3811 719 187
0 5 1 1 2 16 15 325 924 719 675 118 48 3811 719 187
0 5 1 1 2 16 15 325 924 719 675 118 48 3811 719 187
0 5 1 1 2 16 15 325 924 719 675 118 48 3811 719 187
0 5 1 1 2 16 15 325 924 719 675 118 48 3811 712 178
0 5 1 1 2 16 15 325 924 719 675 118 48 3811 707 170
0 5 1 1 2 16 15 325 924 719 675 118 48 3811 692 149
0 5 1 1 2 16 15 325 924 719 675 118 48 3811 688 141
0 5 1 1 2 16 15 325 924 719 675 118 48 3811 683 130
0 5 1 1 2 16 15 325 924 719 675 118 48 3811 683 129
0 5 1 1 2 16 15 325 924 719 675 118 48 3811 680 122
0 5 1 1 2 16 15 325 924 719 675 118 48 3811 679 121
0 5 1 1 2 16 15 325 924 719 675 118 48 3811 679 119
0 5 1 1 2 16 15 325 924 719 675 118 48 3811 678 119
0 5 1 1 2 16 15 325 924 719 675 118 48 3811 678 119
0 5 1 1 2 16 15 325 924 719 675 118 48 3811 678 119
0 5 1 1 2 16 15 325 924 719 675 118 48 3811 678 118
0 5 1 1 2 16 15 325 924 719 675 118 48 3811 678 118
0 5 1 1 2 16 15 325 924 719 675 118 48 3811 678 118
0 5 1 1 2 16 15 325 924 719 675 118 48 3811 678 118
0 5 1 1 2 16 15 325 924 719 675 118 48 3811 677 117
0 5 1 1 2 16 15 325 924 719 675 118 48 3811 677 117
0 5 1 1 2 16 15 325 924 719 675 118 48 3811 677 117
0 5 1 1 2 16 15 325 924 719 675 118 48 3811 677 117
0 5 1 1 2 16 15 325 924 719 675 118 48 3811 677 117
0 5 1 1 2 16 15 325 924 719 675 118 48 3811 677 117
0 5 1 1 2 16 15 325 924 719 675 118 48 3811 677 117
0 5 1 1 2 16 15 325 924 719 675 118 48 3811 677 117
0 5 1 1 2 16 15 325 924 719 675 118 48 3811 677 117
0 5 1 1 2 16 15 325 924 719 675 118 48 3811 677 117
0 5 1 1 2 16 15 325 924 719 675 118 48 3811 676 116
0 5 1 1 2 16 15 325 924 719 675 118 48 3811 676 116
0 5 1 1 2 16 15 325 924 719 675 118 48 3811 676 115
0 5 1 1 2 16 15 325 924 719 675 118 48 3811 676 115
0 5 1 1 2 16 15 325 924 719 675 118 48 3811 676 115
0 5 1 1 2 16 15 325 924 719 675 118 48 3811 676 115
0 5 1 1 2 16 15 325 924 719 675 118 48 3811 676 115
0 5 1 1 2 16 15 325 924 719 675 118 48 3811 676 115
0 5 1 1 2 16 15 325 924 719 675 118 48 3811 676 114
0 5 1 1 2 16 15 325 924 719 675 118 48 3811 676 114
0 5 1 1 2 16 15 325 924 719 675 118 48 3811 676 114
0 5 1 1 2 16 15 325 924 719 675 118 48 3811 676 114
0 5 1 1 2 16 15 325 924 719 675 118 48 3811 676 114
0 5 1 1 2 16 15 325 924 719 675 118 48 3811 676 114
0 5 1 1 2 16 15 325 924 719 675 118 48 3811 676 114
0 5 1 1 2 16 15 325 924 719 675 118 48 3811 676 114
0 5 1 1 2 16 15 325 924 719 675 118 48 3811 675 113
0 5 1 1 2 16 15 325 924 719 675 118 48 3811 675 113
0 5 1 1 2 16 15 325 924 719 675 118 48 3811 675 113
0 5 1 1 2 16 15 325 924 719 675 118 48 3811 675 113
0 5 1 1 2 16 15 325 924 719 675 118 48 3811 675 113
0 5 1 1 2 16 15 325 924 719 675 118 48 3811 675 113
0 5 1 1 2 16 15 325 924 719 675 118 48 3811 675 113
0 5 1 1 2 16 15 325 924 719 675 118 48 3811 675 113
0 5 1 1 2 16 15 325 924 719 675 118 48 3811 675 113
0 5 1 1 2 16 15 325 924 719 675 118 48 3811 675 113
0 5 1 1 2 16 15 325 924 719 675 118 48 3811 675 113
0 5 1 1 2 16 15 325 924 719 675 118 48 3811 675 113
0 5 1 1 2 16 15 325 924 719 675 118 48 3811 675 113
0 5 1 1 2 16 15 325 924 719 675 118 48 3811 675 113
0 5 1 1 2 16 15 325 924 719 675 118 48 3811 675 113
0 5 1 1 2 16 15 325 924 719 675 118 48 3811 675 113
0 5 1 1 2 16 15 325 924 719 675 118 48 3811 675 113
0 5 1 1 2 16 15 325 924 719 675 118 48 3811 675 113
0 5 1 1 2 16 15 325 924 719 675 118 48 3811 675 112
0 5 1 1 2 16 15 325 924 719 675 118 48 3811 675 112
0 5 1 1 2 16 15 325 924 719 675 118 48 3811 675 112
0 5 1 1 2 16 15 325 924 719 675 118 48 3811 675 112
0 5 1 1 2 16 15 325 924 719 675 118 48 3811 675 112
0 5 1 1 2 16 15 325 924 719 675 118 48 3811 675 112
0 5 1 1 2 16 15 325 924 719 675 118 48 3811 675 112
0 5 1 1 2 16 15 325 924 719 675 118 48 3811 675 112
0 5 1 1 2 16 15 325 924 719 675 118 48 3811 675 112
0 5 1 1 2 16 15 325 924 719 675 118 48 3811 675 112
0 5 1 1 2 16 15 325 924 719 675 118 48 3811 675 112
0 5 1 1 2 16 15 325 924 719 675 118 48 3811 675 112
0 5 1 1 2 16 15 325 924 719 675 118 48 3811 675 112
0 5 1 1 2 16 15 325 924 719 675 118 48 3811 675 112
0 5 1 1 2 16 15 325 924 719 675 118 48 3811 675 112
0 5 1 1 2 16 15 325 924 719 675 118 48 3811 675 111
0 5 1 1 2 16 15 325 924 719 675 118 48 3811 675 111
0 5 1 1 2 16 15 325 924 719 675 118 48 3811 675 111
0 5 1 1 2 16 15 325 924 719 675 118 48 3811 675 111
0 5 1 1 2 16 15 325 924 719 675 118 48 3811 675 111
0 5 1 1 2 16 15 325 924 719 675 118 48 3811 675 111
0 5 1 1 2 16 15 325 924 719 675 118 48 3811 675 111
0 5 1 1 2 16 15 325 924 719 675 118 48 3811 675 111
0 5 1 1 2 16 15 325 924 719 675 118 48 3811 675 111
0 5 1 1 2 16 15 325 924 719 675 118 48 3811 675 111
0 5 1 1 2 16 15 325 924 719 675 118 48 3811 675 111
0 5 1 1 2 16 15 325 924 719 675 118 48 3811 675 111
0 5 1 1 2 16 15 325 924 719 675 118 48 3811 675 111
0 5 1 1 2 16 15 325 924 719 675 118 48 3811 675 111
0 5 1 1 2 16 15 325 924 719 675 118 48 3811 675 111
0 5 1 1 2 16 15 325 924 719 675 118 48 3811 675 111
0 5 1 1 2 16 15 325 924 719 675 118 48 3811 675 111
0 5 1 1 2 16 15 325 924 719 675 118 48 3811 675 111
0 5 1 1 2 16 15 325 924 719 675 118 48 3811 675 111
0 5 1 1 2 16 15 325 924 719 675 118 48 3811 675 111
0 5 1 1 2 16 15 325 924 719 675 118 48 3811 675 111
0 5 1 1 2 16 15 325 924 719 675 118 48 3811 675 111
0 5 1 1 2 16 15 325 924 719 675 118 48 3811 675 111
0 5 1 1 2 16 15 325 924 719 675 118 48 3811 675 111
0 5 1 1 2 16 15 325 924 719 675 118 48 3811 675 111
0 5 1 1 2 16 15 325 924 719 675 118 48 3811 675 111
0 5 1 1 2 16 15 325 924 719 675 118 48 3811 675 111
0 5 1 1 2 16 15 325 924 719 675 118 48 3811 675 111
0 5 1 1 2 16 15 325 924 719 675 118 48 3811 675 111
0 5 1 1 2 16 15 325 924 719 675 118 48 3811 675 111
0 5 1 1 2 16 15 325 924 719 675 118 48 3811 675 111
0 5 1 1 2 16 15 325 924 719 675 118 48 3811 675 111
0 5 1 1 2 16 15 325 924 719 675 118 48 3811 675 111
0 5 1 1 2 16 15 325 924 719 675 118 48 3811 675 111
0 5 1 1 2 16 15 325 924 719 675 118 48 3811 675 111
0 5 1 1 2 16 15 325 924 719 675 118 48 3811 675 111
0 5 1 1 2 16 15 325 924 719 675 118 48 3811 675 111
0 5 1 1 2 16 15 325 924 719 675 118 48 3811 675 111
0 5 1 1 2 16 15 325 924 719 675 118 48 3811 675 111
0 5 1 1 2 16 15 325 924 719 675 118 48 3811 675 111
0 5 1 1 2 16 15 325 924 719 675 118 48 3811 675 111
0 5 1 1 2 16 15 325 924 719 675 118 48 3811 675 111
0 5 1 1 2 16 15 325 924 719 675 118 48 3811 675 111
0 5 1 1 2 16 15 325 924 719 675 118 48 3811 675 111
0 5 1 1 2 16 15 325 924 719 675 118 48 3811 675 111
