NumberDevice UserId Block Sequence NumberClicks NumberCircles CircleID DistanceCenter PixelStartCircleX PixelStartCircleY PixelEndCircleX PixelEndCircleY TargetWidth ElapsedTime MouseX MouseY
0 5 1 1 1 16 1 325 391 84 392 734 48 6278 386 92
0 5 1 1 1 16 1 325 391 84 392 734 48 6278 386 92
0 5 1 1 1 16 1 325 391 84 392 734 48 6278 386 92
0 5 1 1 1 16 1 325 391 84 392 734 48 6278 386 92
0 5 1 1 1 16 1 325 391 84 392 734 48 6278 386 92
0 5 1 1 1 16 1 325 391 84 392 734 48 6278 386 92
0 5 1 1 1 16 1 325 391 84 392 734 48 6278 386 92
0 5 1 1 1 16 1 325 391 84 392 734 48 6278 386 92
0 5 1 1 1 16 1 325 391 84 392 734 48 6278 386 92
0 5 1 1 1 16 1 325 391 84 392 734 48 6278 386 92
0 5 1 1 1 16 1 325 391 84 392 734 48 6278 386 92
0 5 1 1 1 16 1 325 391 84 392 734 48 6278 386 92
0 5 1 1 1 16 1 325 391 84 392 734 48 6278 386 92
0 5 1 1 1 16 1 325 391 84 392 734 48 6278 386 92
0 5 1 1 1 16 1 325 391 84 392 734 48 6278 386 92
0 5 1 1 1 16 1 325 391 84 392 734 48 6278 386 92
0 5 1 1 1 16 1 325 391 84 392 734 48 6278 386 92
0 5 1 1 1 16 1 325 391 84 392 734 48 6278 386 92
0 5 1 1 1 16 1 325 391 84 392 734 48 6278 386 92
0 5 1 1 1 16 1 325 391 84 392 734 48 6278 386 92
0 5 1 1 1 16 1 325 391 84 392 734 48 6278 386 92
0 5 1 1 1 16 1 325 391 84 392 734 48 6278 386 92
0 5 1 1 1 16 1 325 391 84 392 734 48 6278 386 92
0 5 1 1 1 16 1 325 391 84 392 734 48 6278 386 92
0 5 1 1 1 16 1 325 391 84 392 734 48 6278 386 92
0 5 1 1 1 16 1 325 391 84 392 734 48 6278 386 92
0 5 1 1 1 16 1 325 391 84 392 734 48 6278 386 92
0 5 1 1 1 16 1 325 391 84 392 734 48 6278 386 92
0 5 1 1 1 16 1 325 391 84 392 734 48 6278 386 92
0 5 1 1 1 16 1 325 391 84 392 734 48 6278 386 92
0 5 1 1 1 16 1 325 391 84 392 734 48 6278 386 92
0 5 1 1 1 16 1 325 391 84 392 734 48 6278 386 92
0 5 1 1 1 16 1 325 391 84 392 734 48 6278 386 92
0 5 1 1 1 16 1 325 391 84 392 734 48 6278 386 92
0 5 1 1 1 16 1 325 391 84 392 734 48 6278 386 92
0 5 1 1 1 16 1 325 391 84 392 734 48 6278 386 92
0 5 1 1 1 16 1 325 391 84 392 734 48 6278 386 92
0 5 1 1 1 16 1 325 391 84 392 734 48 6278 386 92
0 5 1 1 1 16 1 325 391 84 392 734 48 6278 386 92
0 5 1 1 1 16 1 325 391 84 392 734 48 6278 386 92
0 5 1 1 1 16 1 325 391 84 392 734 48 6278 386 92
0 5 1 1 1 16 1 325 391 84 392 734 48 6278 386 92
0 5 1 1 1 16 1 325 391 84 392 734 48 6278 386 92
0 5 1 1 1 16 1 325 391 84 392 734 48 6278 386 92
0 5 1 1 1 16 1 325 391 84 392 734 48 6278 386 92
0 5 1 1 1 16 1 325 391 84 392 734 48 6278 386 92
0 5 1 1 1 16 1 325 391 84 392 734 48 6278 386 92
0 5 1 1 1 16 1 325 391 84 392 734 48 6278 386 92
0 5 1 1 1 16 1 325 391 84 392 734 48 6278 386 92
0 5 1 1 1 16 1 325 391 84 392 734 48 6278 386 92
0 5 1 1 1 16 1 325 391 84 392 734 48 6278 386 92
0 5 1 1 1 16 1 325 391 84 392 734 48 6278 386 92
0 5 1 1 1 16 1 325 391 84 392 734 48 6278 386 92
0 5 1 1 1 16 1 325 391 84 392 734 48 6278 386 92
0 5 1 1 1 16 1 325 391 84 392 734 48 6278 386 92
0 5 1 1 1 16 1 325 391 84 392 734 48 6278 386 92
0 5 1 1 1 16 1 325 391 84 392 734 48 6278 386 92
0 5 1 1 1 16 1 325 391 84 392 734 48 6278 386 92
0 5 1 1 1 16 1 325 391 84 392 734 48 6278 386 92
0 5 1 1 1 16 1 325 391 84 392 734 48 6278 386 92
0 5 1 1 1 16 1 325 391 84 392 734 48 6278 386 92
0 5 1 1 1 16 1 325 391 84 392 734 48 6278 386 92
0 5 1 1 1 16 1 325 391 84 392 734 48 6278 386 92
0 5 1 1 1 16 1 325 391 84 392 734 48 6278 386 92
0 5 1 1 1 16 1 325 391 84 392 734 48 6278 386 92
0 5 1 1 1 16 1 325 391 84 392 734 48 6278 386 92
0 5 1 1 1 16 1 325 391 84 392 734 48 6278 386 92
0 5 1 1 1 16 1 325 391 84 392 734 48 6278 386 92
0 5 1 1 1 16 1 325 391 84 392 734 48 6278 386 92
0 5 1 1 1 16 1 325 391 84 392 734 48 6278 386 92
0 5 1 1 1 16 1 325 391 84 392 734 48 6278 386 92
0 5 1 1 1 16 1 325 391 84 392 734 48 6278 386 92
0 5 1 1 1 16 1 325 391 84 392 734 48 6278 386 92
0 5 1 1 1 16 1 325 391 84 392 734 48 6278 386 92
0 5 1 1 1 16 1 325 391 84 392 734 48 6278 386 92
0 5 1 1 1 16 1 325 391 84 392 734 48 6278 386 92
0 5 1 1 1 16 1 325 391 84 392 734 48 6278 386 95
0 5 1 1 1 16 1 325 391 84 392 734 48 6278 386 96
0 5 1 1 1 16 1 325 391 84 392 734 48 6278 387 101
0 5 1 1 1 16 1 325 391 84 392 734 48 6278 387 103
0 5 1 1 1 16 1 325 391 84 392 734 48 6278 387 112
0 5 1 1 1 16 1 325 391 84 392 734 48 6278 387 113
0 5 1 1 1 16 1 325 391 84 392 734 48 6278 387 115
0 5 1 1 1 16 1 325 391 84 392 734 48 6278 387 115
0 5 1 1 1 16 1 325 391 84 392 734 48 6278 387 119
0 5 1 1 1 16 1 325 391 84 392 734 48 6278 387 124
0 5 1 1 1 16 1 325 391 84 392 734 48 6278 388 131
0 5 1 1 1 16 1 325 391 84 392 734 48 6278 388 133
0 5 1 1 1 16 1 325 391 84 392 734 48 6278 389 137
0 5 1 1 1 16 1 325 391 84 392 734 48 6278 391 142
0 5 1 1 1 16 1 325 391 84 392 734 48 6278 393 154
0 5 1 1 1 16 1 325 391 84 392 734 48 6278 394 160
0 5 1 1 1 16 1 325 391 84 392 734 48 6278 396 175
0 5 1 1 1 16 1 325 391 84 392 734 48 6278 397 180
0 5 1 1 1 16 1 325 391 84 392 734 48 6278 397 198
0 5 1 1 1 16 1 325 391 84 392 734 48 6278 398 206
0 5 1 1 1 16 1 325 391 84 392 734 48 6278 401 236
0 5 1 1 1 16 1 325 391 84 392 734 48 6278 402 250
0 5 1 1 1 16 1 325 391 84 392 734 48 6278 405 276
0 5 1 1 1 16 1 325 391 84 392 734 48 6278 408 303
0 5 1 1 1 16 1 325 391 84 392 734 48 6278 411 332
0 5 1 1 1 16 1 325 391 84 392 734 48 6278 412 335
0 5 1 1 1 16 1 325 391 84 392 734 48 6278 412 336
0 5 1 1 1 16 1 325 391 84 392 734 48 6278 412 336
0 5 1 1 1 16 1 325 391 84 392 734 48 6278 412 336
0 5 1 1 1 16 1 325 391 84 392 734 48 6278 412 336
0 5 1 1 1 16 1 325 391 84 392 734 48 6278 412 336
0 5 1 1 1 16 1 325 391 84 392 734 48 6278 412 336
0 5 1 1 1 16 1 325 391 84 392 734 48 6278 412 336
0 5 1 1 1 16 1 325 391 84 392 734 48 6278 412 336
0 5 1 1 1 16 1 325 391 84 392 734 48 6278 412 336
0 5 1 1 1 16 1 325 391 84 392 734 48 6278 412 336
0 5 1 1 1 16 1 325 391 84 392 734 48 6278 412 336
0 5 1 1 1 16 1 325 391 84 392 734 48 6278 412 336
0 5 1 1 1 16 1 325 391 84 392 734 48 6278 412 336
0 5 1 1 1 16 1 325 391 84 392 734 48 6278 412 336
0 5 1 1 1 16 1 325 391 84 392 734 48 6278 412 337
0 5 1 1 1 16 1 325 391 84 392 734 48 6278 412 340
0 5 1 1 1 16 1 325 391 84 392 734 48 6278 412 349
0 5 1 1 1 16 1 325 391 84 392 734 48 6278 412 355
0 5 1 1 1 16 1 325 391 84 392 734 48 6278 413 380
0 5 1 1 1 16 1 325 391 84 392 734 48 6278 413 386
0 5 1 1 1 16 1 325 391 84 392 734 48 6278 415 403
0 5 1 1 1 16 1 325 391 84 392 734 48 6278 416 410
0 5 1 1 1 16 1 325 391 84 392 734 48 6278 418 432
0 5 1 1 1 16 1 325 391 84 392 734 48 6278 418 444
0 5 1 1 1 16 1 325 391 84 392 734 48 6278 420 464
0 5 1 1 1 16 1 325 391 84 392 734 48 6278 421 471
0 5 1 1 1 16 1 325 391 84 392 734 48 6278 421 477
0 5 1 1 1 16 1 325 391 84 392 734 48 6278 421 477
0 5 1 1 1 16 1 325 391 84 392 734 48 6278 421 477
0 5 1 1 1 16 1 325 391 84 392 734 48 6278 421 477
0 5 1 1 1 16 1 325 391 84 392 734 48 6278 421 477
0 5 1 1 1 16 1 325 391 84 392 734 48 6278 421 477
0 5 1 1 1 16 1 325 391 84 392 734 48 6278 421 477
0 5 1 1 1 16 1 325 391 84 392 734 48 6278 421 477
0 5 1 1 1 16 1 325 391 84 392 734 48 6278 421 477
0 5 1 1 1 16 1 325 391 84 392 734 48 6278 421 477
0 5 1 1 1 16 1 325 391 84 392 734 48 6278 421 477
0 5 1 1 1 16 1 325 391 84 392 734 48 6278 421 477
0 5 1 1 1 16 1 325 391 84 392 734 48 6278 421 478
0 5 1 1 1 16 1 325 391 84 392 734 48 6278 421 479
0 5 1 1 1 16 1 325 391 84 392 734 48 6278 420 484
0 5 1 1 1 16 1 325 391 84 392 734 48 6278 419 488
0 5 1 1 1 16 1 325 391 84 392 734 48 6278 418 499
0 5 1 1 1 16 1 325 391 84 392 734 48 6278 418 502
0 5 1 1 1 16 1 325 391 84 392 734 48 6278 417 511
0 5 1 1 1 16 1 325 391 84 392 734 48 6278 416 514
0 5 1 1 1 16 1 325 391 84 392 734 48 6278 416 518
0 5 1 1 1 16 1 325 391 84 392 734 48 6278 416 521
0 5 1 1 1 16 1 325 391 84 392 734 48 6278 416 531
0 5 1 1 1 16 1 325 391 84 392 734 48 6278 415 536
0 5 1 1 1 16 1 325 391 84 392 734 48 6278 415 544
0 5 1 1 1 16 1 325 391 84 392 734 48 6278 415 545
0 5 1 1 1 16 1 325 391 84 392 734 48 6278 415 545
0 5 1 1 1 16 1 325 391 84 392 734 48 6278 415 545
0 5 1 1 1 16 1 325 391 84 392 734 48 6278 415 545
0 5 1 1 1 16 1 325 391 84 392 734 48 6278 415 545
0 5 1 1 1 16 1 325 391 84 392 734 48 6278 415 545
0 5 1 1 1 16 1 325 391 84 392 734 48 6278 415 545
0 5 1 1 1 16 1 325 391 84 392 734 48 6278 415 545
0 5 1 1 1 16 1 325 391 84 392 734 48 6278 415 545
0 5 1 1 1 16 1 325 391 84 392 734 48 6278 415 545
0 5 1 1 1 16 1 325 391 84 392 734 48 6278 415 545
0 5 1 1 1 16 1 325 391 84 392 734 48 6278 414 547
0 5 1 1 1 16 1 325 391 84 392 734 48 6278 414 548
0 5 1 1 1 16 1 325 391 84 392 734 48 6278 413 554
0 5 1 1 1 16 1 325 391 84 392 734 48 6278 412 560
0 5 1 1 1 16 1 325 391 84 392 734 48 6278 410 579
0 5 1 1 1 16 1 325 391 84 392 734 48 6278 410 585
0 5 1 1 1 16 1 325 391 84 392 734 48 6278 409 602
0 5 1 1 1 16 1 325 391 84 392 734 48 6278 409 608
0 5 1 1 1 16 1 325 391 84 392 734 48 6278 409 620
0 5 1 1 1 16 1 325 391 84 392 734 48 6278 409 626
0 5 1 1 1 16 1 325 391 84 392 734 48 6278 409 628
0 5 1 1 1 16 1 325 391 84 392 734 48 6278 409 628
0 5 1 1 1 16 1 325 391 84 392 734 48 6278 409 628
0 5 1 1 1 16 1 325 391 84 392 734 48 6278 409 628
0 5 1 1 1 16 1 325 391 84 392 734 48 6278 409 628
0 5 1 1 1 16 1 325 391 84 392 734 48 6278 409 628
0 5 1 1 1 16 1 325 391 84 392 734 48 6278 409 628
0 5 1 1 1 16 1 325 391 84 392 734 48 6278 409 628
0 5 1 1 1 16 1 325 391 84 392 734 48 6278 409 628
0 5 1 1 1 16 1 325 391 84 392 734 48 6278 409 629
0 5 1 1 1 16 1 325 391 84 392 734 48 6278 405 638
0 5 1 1 1 16 1 325 391 84 392 734 48 6278 401 653
0 5 1 1 1 16 1 325 391 84 392 734 48 6278 395 676
0 5 1 1 1 16 1 325 391 84 392 734 48 6278 393 685
0 5 1 1 1 16 1 325 391 84 392 734 48 6278 391 693
0 5 1 1 1 16 1 325 391 84 392 734 48 6278 389 702
0 5 1 1 1 16 1 325 391 84 392 734 48 6278 386 716
0 5 1 1 1 16 1 325 391 84 392 734 48 6278 385 719
0 5 1 1 1 16 1 325 391 84 392 734 48 6278 385 722
0 5 1 1 1 16 1 325 391 84 392 734 48 6278 385 724
0 5 1 1 1 16 1 325 391 84 392 734 48 6278 385 726
0 5 1 1 1 16 1 325 391 84 392 734 48 6278 385 726
0 5 1 1 1 16 1 325 391 84 392 734 48 6278 385 727
0 5 1 1 1 16 1 325 391 84 392 734 48 6278 385 728
0 5 1 1 1 16 1 325 391 84 392 734 48 6278 385 729
0 5 1 1 1 16 1 325 391 84 392 734 48 6278 385 729
0 5 1 1 1 16 1 325 391 84 392 734 48 6278 385 729
0 5 1 1 1 16 1 325 391 84 392 734 48 6278 385 729
0 5 1 1 1 16 1 325 391 84 392 734 48 6278 385 729
0 5 1 1 1 16 1 325 391 84 392 734 48 6278 385 729
0 5 1 1 1 16 1 325 391 84 392 734 48 6278 385 729
0 5 1 1 1 16 1 325 391 84 392 734 48 6278 385 729
0 5 1 1 1 16 1 325 391 84 392 734 48 6278 385 729
0 5 1 1 1 16 1 325 391 84 392 734 48 6278 385 729
0 5 1 1 1 16 1 325 391 84 392 734 48 6278 385 729
0 5 1 1 1 16 1 325 391 84 392 734 48 6278 385 729
0 5 1 1 1 16 1 325 391 84 392 734 48 6278 385 729
0 5 1 1 1 16 1 325 391 84 392 734 48 6278 385 729
0 5 1 1 1 16 1 325 391 84 392 734 48 6278 385 729
0 5 1 1 1 16 1 325 391 84 392 734 48 6278 385 729
0 5 1 1 1 16 1 325 391 84 392 734 48 6278 385 729
0 5 1 1 1 16 1 325 391 84 392 734 48 6278 385 729
0 5 1 1 1 16 1 325 391 84 392 734 48 6278 385 729
0 5 1 1 1 16 1 325 391 84 392 734 48 6278 385 729
0 5 1 1 1 16 1 325 391 84 392 734 48 6278 385 729
0 5 1 1 1 16 1 325 391 84 392 734 48 6278 385 729
0 5 1 1 1 16 1 325 391 84 392 734 48 6278 385 729
0 5 1 1 1 16 1 325 391 84 392 734 48 6278 385 729
0 5 1 1 1 16 1 325 391 84 392 734 48 6278 385 729
0 5 1 1 1 16 1 325 391 84 392 734 48 6278 385 729
0 5 1 1 1 16 1 325 391 84 392 734 48 6278 385 729
0 5 1 1 1 16 1 325 391 84 392 734 48 6278 385 729
0 5 1 1 1 16 1 325 391 84 392 734 48 6278 385 729
0 5 1 1 1 16 1 325 391 84 392 734 48 6278 385 729
0 5 1 1 1 16 1 325 391 84 392 734 48 6278 385 729
0 5 1 1 1 16 1 325 391 84 392 734 48 6278 385 729
0 5 1 1 1 16 1 325 391 84 392 734 48 6278 385 729
0 5 1 1 1 16 1 325 391 84 392 734 48 6278 385 729
0 5 1 1 1 16 1 325 391 84 392 734 48 6278 385 729
0 5 1 1 1 16 1 325 391 84 392 734 48 6278 385 729
0 5 1 1 1 16 1 325 391 84 392 734 48 6278 385 729
0 5 1 1 1 16 1 325 391 84 392 734 48 6278 385 729
0 5 1 1 1 16 1 325 391 84 392 734 48 6278 385 729
0 5 1 1 1 16 1 325 391 84 392 734 48 6278 385 729
0 5 1 1 1 16 1 325 391 84 392 734 48 6278 385 729
0 5 1 1 1 16 1 325 391 84 392 734 48 6278 385 729
0 5 1 1 1 16 1 325 391 84 392 734 48 6278 385 729
0 5 1 1 1 16 1 325 391 84 392 734 48 6278 385 729
0 5 1 1 1 16 1 325 391 84 392 734 48 6278 385 729
0 5 1 1 1 16 1 325 391 84 392 734 48 6278 385 729
0 5 1 1 1 16 1 325 391 84 392 734 48 6278 385 729
0 5 1 1 1 16 1 325 391 84 392 734 48 6278 385 729
0 5 1 1 1 16 1 325 391 84 392 734 48 6278 385 729
0 5 1 1 1 16 1 325 391 84 392 734 48 6278 385 729
0 5 1 1 1 16 1 325 391 84 392 734 48 6278 385 729
0 5 1 1 1 16 1 325 391 84 392 734 48 6278 385 729
0 5 1 1 1 16 2 325 392 734 516 108 48 1496 384 730
0 5 1 1 1 16 2 325 392 734 516 108 48 1496 384 730
0 5 1 1 1 16 2 325 392 734 516 108 48 1496 384 730
0 5 1 1 1 16 2 325 392 734 516 108 48 1496 384 730
0 5 1 1 1 16 2 325 392 734 516 108 48 1496 384 730
0 5 1 1 1 16 2 325 392 734 516 108 48 1496 384 730
0 5 1 1 1 16 2 325 392 734 516 108 48 1496 384 730
0 5 1 1 1 16 2 325 392 734 516 108 48 1496 384 730
0 5 1 1 1 16 2 325 392 734 516 108 48 1496 384 730
0 5 1 1 1 16 2 325 392 734 516 108 48 1496 384 730
0 5 1 1 1 16 2 325 392 734 516 108 48 1496 384 730
0 5 1 1 1 16 2 325 392 734 516 108 48 1496 384 730
0 5 1 1 1 16 2 325 392 734 516 108 48 1496 384 730
0 5 1 1 1 16 2 325 392 734 516 108 48 1496 384 730
0 5 1 1 1 16 2 325 392 734 516 108 48 1496 384 730
0 5 1 1 1 16 2 325 392 734 516 108 48 1496 384 730
0 5 1 1 1 16 2 325 392 734 516 108 48 1496 384 730
0 5 1 1 1 16 2 325 392 734 516 108 48 1496 385 719
0 5 1 1 1 16 2 325 392 734 516 108 48 1496 391 693
0 5 1 1 1 16 2 325 392 734 516 108 48 1496 395 666
0 5 1 1 1 16 2 325 392 734 516 108 48 1496 407 600
0 5 1 1 1 16 2 325 392 734 516 108 48 1496 410 579
0 5 1 1 1 16 2 325 392 734 516 108 48 1496 420 522
0 5 1 1 1 16 2 325 392 734 516 108 48 1496 427 478
0 5 1 1 1 16 2 325 392 734 516 108 48 1496 439 424
0 5 1 1 1 16 2 325 392 734 516 108 48 1496 450 390
0 5 1 1 1 16 2 325 392 734 516 108 48 1496 469 347
0 5 1 1 1 16 2 325 392 734 516 108 48 1496 474 336
0 5 1 1 1 16 2 325 392 734 516 108 48 1496 479 325
0 5 1 1 1 16 2 325 392 734 516 108 48 1496 479 325
0 5 1 1 1 16 2 325 392 734 516 108 48 1496 479 325
0 5 1 1 1 16 2 325 392 734 516 108 48 1496 479 325
0 5 1 1 1 16 2 325 392 734 516 108 48 1496 479 325
0 5 1 1 1 16 2 325 392 734 516 108 48 1496 479 325
0 5 1 1 1 16 2 325 392 734 516 108 48 1496 479 325
0 5 1 1 1 16 2 325 392 734 516 108 48 1496 479 325
0 5 1 1 1 16 2 325 392 734 516 108 48 1496 481 314
0 5 1 1 1 16 2 325 392 734 516 108 48 1496 483 304
0 5 1 1 1 16 2 325 392 734 516 108 48 1496 491 272
0 5 1 1 1 16 2 325 392 734 516 108 48 1496 493 263
0 5 1 1 1 16 2 325 392 734 516 108 48 1496 506 225
0 5 1 1 1 16 2 325 392 734 516 108 48 1496 517 198
0 5 1 1 1 16 2 325 392 734 516 108 48 1496 536 148
0 5 1 1 1 16 2 325 392 734 516 108 48 1496 543 122
0 5 1 1 1 16 2 325 392 734 516 108 48 1496 544 113
0 5 1 1 1 16 2 325 392 734 516 108 48 1496 544 112
0 5 1 1 1 16 2 325 392 734 516 108 48 1496 544 110
0 5 1 1 1 16 2 325 392 734 516 108 48 1496 544 110
0 5 1 1 1 16 2 325 392 734 516 108 48 1496 544 109
0 5 1 1 1 16 2 325 392 734 516 108 48 1496 544 109
0 5 1 1 1 16 2 325 392 734 516 108 48 1496 544 109
0 5 1 1 1 16 2 325 392 734 516 108 48 1496 544 108
0 5 1 1 1 16 2 325 392 734 516 108 48 1496 540 107
0 5 1 1 1 16 2 325 392 734 516 108 48 1496 539 107
0 5 1 1 1 16 2 325 392 734 516 108 48 1496 529 105
0 5 1 1 1 16 2 325 392 734 516 108 48 1496 528 105
0 5 1 1 1 16 2 325 392 734 516 108 48 1496 526 104
0 5 1 1 1 16 2 325 392 734 516 108 48 1496 526 104
0 5 1 1 1 16 2 325 392 734 516 108 48 1496 525 103
0 5 1 1 1 16 2 325 392 734 516 108 48 1496 525 103
0 5 1 1 1 16 3 325 516 108 267 709 48 1808 525 103
0 5 1 1 1 16 3 325 516 108 267 709 48 1808 525 103
0 5 1 1 1 16 3 325 516 108 267 709 48 1808 525 103
0 5 1 1 1 16 3 325 516 108 267 709 48 1808 525 103
0 5 1 1 1 16 3 325 516 108 267 709 48 1808 525 103
0 5 1 1 1 16 3 325 516 108 267 709 48 1808 523 108
0 5 1 1 1 16 3 325 516 108 267 709 48 1808 513 125
0 5 1 1 1 16 3 325 516 108 267 709 48 1808 505 139
0 5 1 1 1 16 3 325 516 108 267 709 48 1808 480 191
0 5 1 1 1 16 3 325 516 108 267 709 48 1808 469 213
0 5 1 1 1 16 3 325 516 108 267 709 48 1808 442 271
0 5 1 1 1 16 3 325 516 108 267 709 48 1808 434 292
0 5 1 1 1 16 3 325 516 108 267 709 48 1808 423 328
0 5 1 1 1 16 3 325 516 108 267 709 48 1808 418 347
0 5 1 1 1 16 3 325 516 108 267 709 48 1808 411 379
0 5 1 1 1 16 3 325 516 108 267 709 48 1808 405 410
0 5 1 1 1 16 3 325 516 108 267 709 48 1808 390 454
0 5 1 1 1 16 3 325 516 108 267 709 48 1808 386 467
0 5 1 1 1 16 3 325 516 108 267 709 48 1808 373 494
0 5 1 1 1 16 3 325 516 108 267 709 48 1808 371 496
0 5 1 1 1 16 3 325 516 108 267 709 48 1808 371 496
0 5 1 1 1 16 3 325 516 108 267 709 48 1808 371 496
0 5 1 1 1 16 3 325 516 108 267 709 48 1808 371 496
0 5 1 1 1 16 3 325 516 108 267 709 48 1808 371 496
0 5 1 1 1 16 3 325 516 108 267 709 48 1808 371 496
0 5 1 1 1 16 3 325 516 108 267 709 48 1808 371 496
0 5 1 1 1 16 3 325 516 108 267 709 48 1808 371 496
0 5 1 1 1 16 3 325 516 108 267 709 48 1808 371 496
0 5 1 1 1 16 3 325 516 108 267 709 48 1808 368 503
0 5 1 1 1 16 3 325 516 108 267 709 48 1808 363 514
0 5 1 1 1 16 3 325 516 108 267 709 48 1808 350 548
0 5 1 1 1 16 3 325 516 108 267 709 48 1808 344 562
0 5 1 1 1 16 3 325 516 108 267 709 48 1808 325 610
0 5 1 1 1 16 3 325 516 108 267 709 48 1808 319 633
0 5 1 1 1 16 3 325 516 108 267 709 48 1808 308 672
0 5 1 1 1 16 3 325 516 108 267 709 48 1808 304 683
0 5 1 1 1 16 3 325 516 108 267 709 48 1808 302 690
0 5 1 1 1 16 3 325 516 108 267 709 48 1808 302 690
0 5 1 1 1 16 3 325 516 108 267 709 48 1808 302 690
0 5 1 1 1 16 3 325 516 108 267 709 48 1808 302 690
0 5 1 1 1 16 3 325 516 108 267 709 48 1808 302 690
0 5 1 1 1 16 3 325 516 108 267 709 48 1808 302 690
0 5 1 1 1 16 3 325 516 108 267 709 48 1808 302 690
0 5 1 1 1 16 3 325 516 108 267 709 48 1808 302 690
0 5 1 1 1 16 3 325 516 108 267 709 48 1808 301 690
0 5 1 1 1 16 3 325 516 108 267 709 48 1808 296 694
0 5 1 1 1 16 3 325 516 108 267 709 48 1808 286 699
0 5 1 1 1 16 3 325 516 108 267 709 48 1808 275 705
0 5 1 1 1 16 3 325 516 108 267 709 48 1808 266 708
0 5 1 1 1 16 3 325 516 108 267 709 48 1808 262 709
0 5 1 1 1 16 3 325 516 108 267 709 48 1808 261 710
0 5 1 1 1 16 3 325 516 108 267 709 48 1808 261 710
0 5 1 1 1 16 3 325 516 108 267 709 48 1808 261 710
0 5 1 1 1 16 3 325 516 108 267 709 48 1808 261 710
0 5 1 1 1 16 3 325 516 108 267 709 48 1808 259 711
0 5 1 1 1 16 3 325 516 108 267 709 48 1808 259 712
0 5 1 1 1 16 3 325 516 108 267 709 48 1808 259 712
0 5 1 1 1 16 3 325 516 108 267 709 48 1808 259 712
0 5 1 1 1 16 3 325 516 108 267 709 48 1808 259 712
0 5 1 1 1 16 3 325 516 108 267 709 48 1808 259 712
0 5 1 1 1 16 3 325 516 108 267 709 48 1808 259 712
0 5 1 1 1 16 3 325 516 108 267 709 48 1808 259 712
0 5 1 1 1 16 3 325 516 108 267 709 48 1808 259 712
0 5 1 1 1 16 3 325 516 108 267 709 48 1808 259 712
0 5 1 1 1 16 3 325 516 108 267 709 48 1808 259 712
0 5 1 1 1 16 3 325 516 108 267 709 48 1808 259 712
0 5 1 1 1 16 3 325 516 108 267 709 48 1808 259 712
0 5 1 1 1 16 3 325 516 108 267 709 48 1808 259 712
0 5 1 1 1 16 3 325 516 108 267 709 48 1808 259 712
0 5 1 1 1 16 3 325 516 108 267 709 48 1808 259 712
0 5 1 1 1 16 3 325 516 108 267 709 48 1808 259 712
0 5 1 1 1 16 3 325 516 108 267 709 48 1808 259 712
0 5 1 1 1 16 4 325 267 709 621 179 48 2683 259 712
0 5 1 1 1 16 4 325 267 709 621 179 48 2683 259 712
0 5 1 1 1 16 4 325 267 709 621 179 48 2683 259 712
0 5 1 1 1 16 4 325 267 709 621 179 48 2683 259 712
0 5 1 1 1 16 4 325 267 709 621 179 48 2683 259 712
0 5 1 1 1 16 4 325 267 709 621 179 48 2683 259 712
0 5 1 1 1 16 4 325 267 709 621 179 48 2683 259 712
0 5 1 1 1 16 4 325 267 709 621 179 48 2683 259 712
0 5 1 1 1 16 4 325 267 709 621 179 48 2683 259 712
0 5 1 1 1 16 4 325 267 709 621 179 48 2683 259 712
0 5 1 1 1 16 4 325 267 709 621 179 48 2683 259 712
0 5 1 1 1 16 4 325 267 709 621 179 48 2683 259 712
0 5 1 1 1 16 4 325 267 709 621 179 48 2683 259 712
0 5 1 1 1 16 4 325 267 709 621 179 48 2683 259 712
0 5 1 1 1 16 4 325 267 709 621 179 48 2683 259 712
0 5 1 1 1 16 4 325 267 709 621 179 48 2683 259 712
0 5 1 1 1 16 4 325 267 709 621 179 48 2683 259 712
0 5 1 1 1 16 4 325 267 709 621 179 48 2683 259 712
0 5 1 1 1 16 4 325 267 709 621 179 48 2683 259 712
0 5 1 1 1 16 4 325 267 709 621 179 48 2683 259 712
0 5 1 1 1 16 4 325 267 709 621 179 48 2683 259 712
0 5 1 1 1 16 4 325 267 709 621 179 48 2683 259 712
0 5 1 1 1 16 4 325 267 709 621 179 48 2683 259 712
0 5 1 1 1 16 4 325 267 709 621 179 48 2683 259 712
0 5 1 1 1 16 4 325 267 709 621 179 48 2683 259 712
0 5 1 1 1 16 4 325 267 709 621 179 48 2683 259 712
0 5 1 1 1 16 4 325 267 709 621 179 48 2683 259 712
0 5 1 1 1 16 4 325 267 709 621 179 48 2683 259 712
0 5 1 1 1 16 4 325 267 709 621 179 48 2683 259 712
0 5 1 1 1 16 4 325 267 709 621 179 48 2683 259 712
0 5 1 1 1 16 4 325 267 709 621 179 48 2683 262 707
0 5 1 1 1 16 4 325 267 709 621 179 48 2683 268 691
0 5 1 1 1 16 4 325 267 709 621 179 48 2683 287 647
0 5 1 1 1 16 4 325 267 709 621 179 48 2683 302 617
0 5 1 1 1 16 4 325 267 709 621 179 48 2683 337 530
0 5 1 1 1 16 4 325 267 709 621 179 48 2683 353 493
0 5 1 1 1 16 4 325 267 709 621 179 48 2683 406 384
0 5 1 1 1 16 4 325 267 709 621 179 48 2683 424 344
0 5 1 1 1 16 4 325 267 709 621 179 48 2683 450 284
0 5 1 1 1 16 4 325 267 709 621 179 48 2683 457 271
0 5 1 1 1 16 4 325 267 709 621 179 48 2683 465 253
0 5 1 1 1 16 4 325 267 709 621 179 48 2683 469 248
0 5 1 1 1 16 4 325 267 709 621 179 48 2683 469 248
0 5 1 1 1 16 4 325 267 709 621 179 48 2683 469 248
0 5 1 1 1 16 4 325 267 709 621 179 48 2683 469 248
0 5 1 1 1 16 4 325 267 709 621 179 48 2683 469 248
0 5 1 1 1 16 4 325 267 709 621 179 48 2683 469 248
0 5 1 1 1 16 4 325 267 709 621 179 48 2683 469 248
0 5 1 1 1 16 4 325 267 709 621 179 48 2683 469 248
0 5 1 1 1 16 4 325 267 709 621 179 48 2683 469 248
0 5 1 1 1 16 4 325 267 709 621 179 48 2683 475 236
0 5 1 1 1 16 4 325 267 709 621 179 48 2683 478 231
0 5 1 1 1 16 4 325 267 709 621 179 48 2683 495 206
0 5 1 1 1 16 4 325 267 709 621 179 48 2683 503 193
0 5 1 1 1 16 4 325 267 709 621 179 48 2683 508 184
0 5 1 1 1 16 4 325 267 709 621 179 48 2683 508 183
0 5 1 1 1 16 4 325 267 709 621 179 48 2683 510 180
0 5 1 1 1 16 4 325 267 709 621 179 48 2683 510 180
0 5 1 1 1 16 4 325 267 709 621 179 48 2683 511 177
0 5 1 1 1 16 4 325 267 709 621 179 48 2683 512 177
0 5 1 1 1 16 4 325 267 709 621 179 48 2683 523 172
0 5 1 1 1 16 4 325 267 709 621 179 48 2683 536 170
0 5 1 1 1 16 4 325 267 709 621 179 48 2683 563 169
0 5 1 1 1 16 4 325 267 709 621 179 48 2683 577 169
0 5 1 1 1 16 4 325 267 709 621 179 48 2683 602 169
0 5 1 1 1 16 4 325 267 709 621 179 48 2683 610 170
0 5 1 1 1 16 4 325 267 709 621 179 48 2683 617 170
0 5 1 1 1 16 4 325 267 709 621 179 48 2683 618 170
0 5 1 1 1 16 4 325 267 709 621 179 48 2683 620 170
0 5 1 1 1 16 4 325 267 709 621 179 48 2683 621 170
0 5 1 1 1 16 4 325 267 709 621 179 48 2683 622 171
0 5 1 1 1 16 4 325 267 709 621 179 48 2683 622 171
0 5 1 1 1 16 4 325 267 709 621 179 48 2683 622 171
0 5 1 1 1 16 4 325 267 709 621 179 48 2683 622 171
0 5 1 1 1 16 4 325 267 709 621 179 48 2683 622 171
0 5 1 1 1 16 4 325 267 709 621 179 48 2683 622 171
0 5 1 1 1 16 4 325 267 709 621 179 48 2683 622 171
0 5 1 1 1 16 4 325 267 709 621 179 48 2683 622 171
0 5 1 1 1 16 4 325 267 709 621 179 48 2683 622 171
0 5 1 1 1 16 4 325 267 709 621 179 48 2683 622 171
0 5 1 1 1 16 4 325 267 709 621 179 48 2683 622 171
0 5 1 1 1 16 4 325 267 709 621 179 48 2683 622 171
0 5 1 1 1 16 4 325 267 709 621 179 48 2683 622 171
0 5 1 1 1 16 4 325 267 709 621 179 48 2683 622 171
0 5 1 1 1 16 4 325 267 709 621 179 48 2683 622 171
0 5 1 1 1 16 4 325 267 709 621 179 48 2683 622 171
0 5 1 1 1 16 4 325 267 709 621 179 48 2683 622 171
0 5 1 1 1 16 4 325 267 709 621 179 48 2683 622 171
0 5 1 1 1 16 4 325 267 709 621 179 48 2683 622 171
0 5 1 1 1 16 4 325 267 709 621 179 48 2683 622 171
0 5 1 1 1 16 4 325 267 709 621 179 48 2683 622 171
0 5 1 1 1 16 4 325 267 709 621 179 48 2683 622 171
0 5 1 1 1 16 4 325 267 709 621 179 48 2683 622 171
0 5 1 1 1 16 4 325 267 709 621 179 48 2683 622 171
0 5 1 1 1 16 4 325 267 709 621 179 48 2683 622 171
0 5 1 1 1 16 4 325 267 709 621 179 48 2683 622 171
0 5 1 1 1 16 4 325 267 709 621 179 48 2683 622 171
0 5 1 1 1 16 4 325 267 709 621 179 48 2683 622 171
0 5 1 1 1 16 4 325 267 709 621 179 48 2683 622 171
0 5 1 1 1 16 4 325 267 709 621 179 48 2683 622 171
0 5 1 1 1 16 4 325 267 709 621 179 48 2683 622 171
0 5 1 1 1 16 4 325 267 709 621 179 48 2683 622 171
0 5 1 1 1 16 4 325 267 709 621 179 48 2683 622 171
0 5 1 1 1 16 4 325 267 709 621 179 48 2683 622 171
0 5 1 1 1 16 4 325 267 709 621 179 48 2683 622 171
0 5 1 1 1 16 4 325 267 709 621 179 48 2683 622 171
0 5 1 1 1 16 4 325 267 709 621 179 48 2683 622 171
0 5 1 1 1 16 4 325 267 709 621 179 48 2683 622 171
0 5 1 1 1 16 5 325 621 179 162 638 48 1999 616 171
0 5 1 1 1 16 5 325 621 179 162 638 48 1999 616 171
0 5 1 1 1 16 5 325 621 179 162 638 48 1999 616 171
0 5 1 1 1 16 5 325 621 179 162 638 48 1999 616 171
0 5 1 1 1 16 5 325 621 179 162 638 48 1999 616 171
0 5 1 1 1 16 5 325 621 179 162 638 48 1999 616 171
0 5 1 1 1 16 5 325 621 179 162 638 48 1999 616 171
0 5 1 1 1 16 5 325 621 179 162 638 48 1999 616 171
0 5 1 1 1 16 5 325 621 179 162 638 48 1999 616 171
0 5 1 1 1 16 5 325 621 179 162 638 48 1999 616 171
0 5 1 1 1 16 5 325 621 179 162 638 48 1999 616 176
0 5 1 1 1 16 5 325 621 179 162 638 48 1999 604 193
0 5 1 1 1 16 5 325 621 179 162 638 48 1999 548 248
0 5 1 1 1 16 5 325 621 179 162 638 48 1999 458 328
0 5 1 1 1 16 5 325 621 179 162 638 48 1999 351 425
0 5 1 1 1 16 5 325 621 179 162 638 48 1999 307 468
0 5 1 1 1 16 5 325 621 179 162 638 48 1999 281 495
0 5 1 1 1 16 5 325 621 179 162 638 48 1999 277 497
0 5 1 1 1 16 5 325 621 179 162 638 48 1999 275 500
0 5 1 1 1 16 5 325 621 179 162 638 48 1999 275 500
0 5 1 1 1 16 5 325 621 179 162 638 48 1999 275 500
0 5 1 1 1 16 5 325 621 179 162 638 48 1999 275 500
0 5 1 1 1 16 5 325 621 179 162 638 48 1999 275 500
0 5 1 1 1 16 5 325 621 179 162 638 48 1999 275 500
0 5 1 1 1 16 5 325 621 179 162 638 48 1999 275 500
0 5 1 1 1 16 5 325 621 179 162 638 48 1999 275 500
0 5 1 1 1 16 5 325 621 179 162 638 48 1999 273 504
0 5 1 1 1 16 5 325 621 179 162 638 48 1999 270 509
0 5 1 1 1 16 5 325 621 179 162 638 48 1999 266 517
0 5 1 1 1 16 5 325 621 179 162 638 48 1999 264 520
0 5 1 1 1 16 5 325 621 179 162 638 48 1999 261 527
0 5 1 1 1 16 5 325 621 179 162 638 48 1999 261 528
0 5 1 1 1 16 5 325 621 179 162 638 48 1999 259 531
0 5 1 1 1 16 5 325 621 179 162 638 48 1999 257 535
0 5 1 1 1 16 5 325 621 179 162 638 48 1999 249 543
0 5 1 1 1 16 5 325 621 179 162 638 48 1999 245 547
0 5 1 1 1 16 5 325 621 179 162 638 48 1999 235 555
0 5 1 1 1 16 5 325 621 179 162 638 48 1999 233 558
0 5 1 1 1 16 5 325 621 179 162 638 48 1999 224 565
0 5 1 1 1 16 5 325 621 179 162 638 48 1999 222 568
0 5 1 1 1 16 5 325 621 179 162 638 48 1999 212 575
0 5 1 1 1 16 5 325 621 179 162 638 48 1999 201 583
0 5 1 1 1 16 5 325 621 179 162 638 48 1999 189 594
0 5 1 1 1 16 5 325 621 179 162 638 48 1999 186 597
0 5 1 1 1 16 5 325 621 179 162 638 48 1999 181 603
0 5 1 1 1 16 5 325 621 179 162 638 48 1999 179 605
0 5 1 1 1 16 5 325 621 179 162 638 48 1999 177 607
0 5 1 1 1 16 5 325 621 179 162 638 48 1999 177 608
0 5 1 1 1 16 5 325 621 179 162 638 48 1999 176 611
0 5 1 1 1 16 5 325 621 179 162 638 48 1999 175 612
0 5 1 1 1 16 5 325 621 179 162 638 48 1999 174 616
0 5 1 1 1 16 5 325 621 179 162 638 48 1999 173 618
0 5 1 1 1 16 5 325 621 179 162 638 48 1999 173 620
0 5 1 1 1 16 5 325 621 179 162 638 48 1999 172 621
0 5 1 1 1 16 5 325 621 179 162 638 48 1999 169 625
0 5 1 1 1 16 5 325 621 179 162 638 48 1999 169 627
0 5 1 1 1 16 5 325 621 179 162 638 48 1999 167 629
0 5 1 1 1 16 5 325 621 179 162 638 48 1999 166 630
0 5 1 1 1 16 5 325 621 179 162 638 48 1999 166 630
0 5 1 1 1 16 5 325 621 179 162 638 48 1999 166 630
0 5 1 1 1 16 5 325 621 179 162 638 48 1999 166 630
0 5 1 1 1 16 5 325 621 179 162 638 48 1999 166 630
0 5 1 1 1 16 5 325 621 179 162 638 48 1999 166 630
0 5 1 1 1 16 5 325 621 179 162 638 48 1999 166 630
0 5 1 1 1 16 5 325 621 179 162 638 48 1999 166 630
0 5 1 1 1 16 5 325 621 179 162 638 48 1999 166 630
0 5 1 1 1 16 5 325 621 179 162 638 48 1999 166 630
0 5 1 1 1 16 5 325 621 179 162 638 48 1999 166 630
0 5 1 1 1 16 5 325 621 179 162 638 48 1999 166 630
0 5 1 1 1 16 5 325 621 179 162 638 48 1999 166 630
0 5 1 1 1 16 5 325 621 179 162 638 48 1999 166 630
0 5 1 1 1 16 5 325 621 179 162 638 48 1999 166 630
0 5 1 1 1 16 5 325 621 179 162 638 48 1999 166 630
0 5 1 1 1 16 5 325 621 179 162 638 48 1999 166 630
0 5 1 1 1 16 5 325 621 179 162 638 48 1999 166 630
0 5 1 1 1 16 5 325 621 179 162 638 48 1999 166 630
0 5 1 1 1 16 5 325 621 179 162 638 48 1999 166 630
0 5 1 1 1 16 5 325 621 179 162 638 48 1999 166 630
0 5 1 1 1 16 5 325 621 179 162 638 48 1999 166 630
0 5 1 1 1 16 5 325 621 179 162 638 48 1999 166 630
0 5 1 1 1 16 6 325 162 638 692 284 48 4858 166 630
0 5 1 1 1 16 6 325 162 638 692 284 48 4858 166 630
0 5 1 1 1 16 6 325 162 638 692 284 48 4858 166 630
0 5 1 1 1 16 6 325 162 638 692 284 48 4858 166 630
0 5 1 1 1 16 6 325 162 638 692 284 48 4858 166 630
0 5 1 1 1 16 6 325 162 638 692 284 48 4858 166 630
0 5 1 1 1 16 6 325 162 638 692 284 48 4858 166 630
0 5 1 1 1 16 6 325 162 638 692 284 48 4858 166 630
0 5 1 1 1 16 6 325 162 638 692 284 48 4858 166 630
0 5 1 1 1 16 6 325 162 638 692 284 48 4858 166 630
0 5 1 1 1 16 6 325 162 638 692 284 48 4858 166 630
0 5 1 1 1 16 6 325 162 638 692 284 48 4858 166 630
0 5 1 1 1 16 6 325 162 638 692 284 48 4858 166 630
0 5 1 1 1 16 6 325 162 638 692 284 48 4858 166 630
0 5 1 1 1 16 6 325 162 638 692 284 48 4858 166 630
0 5 1 1 1 16 6 325 162 638 692 284 48 4858 166 630
0 5 1 1 1 16 6 325 162 638 692 284 48 4858 166 630
0 5 1 1 1 16 6 325 162 638 692 284 48 4858 166 630
0 5 1 1 1 16 6 325 162 638 692 284 48 4858 166 630
0 5 1 1 1 16 6 325 162 638 692 284 48 4858 166 630
0 5 1 1 1 16 6 325 162 638 692 284 48 4858 166 631
0 5 1 1 1 16 6 325 162 638 692 284 48 4858 168 631
0 5 1 1 1 16 6 325 162 638 692 284 48 4858 176 626
0 5 1 1 1 16 6 325 162 638 692 284 48 4858 209 597
0 5 1 1 1 16 6 325 162 638 692 284 48 4858 248 566
0 5 1 1 1 16 6 325 162 638 692 284 48 4858 265 554
0 5 1 1 1 16 6 325 162 638 692 284 48 4858 356 498
0 5 1 1 1 16 6 325 162 638 692 284 48 4858 393 479
0 5 1 1 1 16 6 325 162 638 692 284 48 4858 406 472
0 5 1 1 1 16 6 325 162 638 692 284 48 4858 420 465
0 5 1 1 1 16 6 325 162 638 692 284 48 4858 420 465
0 5 1 1 1 16 6 325 162 638 692 284 48 4858 422 463
0 5 1 1 1 16 6 325 162 638 692 284 48 4858 422 463
0 5 1 1 1 16 6 325 162 638 692 284 48 4858 422 463
0 5 1 1 1 16 6 325 162 638 692 284 48 4858 422 463
0 5 1 1 1 16 6 325 162 638 692 284 48 4858 422 463
0 5 1 1 1 16 6 325 162 638 692 284 48 4858 422 463
0 5 1 1 1 16 6 325 162 638 692 284 48 4858 422 463
0 5 1 1 1 16 6 325 162 638 692 284 48 4858 422 463
0 5 1 1 1 16 6 325 162 638 692 284 48 4858 433 458
0 5 1 1 1 16 6 325 162 638 692 284 48 4858 443 453
0 5 1 1 1 16 6 325 162 638 692 284 48 4858 463 445
0 5 1 1 1 16 6 325 162 638 692 284 48 4858 479 440
0 5 1 1 1 16 6 325 162 638 692 284 48 4858 510 430
0 5 1 1 1 16 6 325 162 638 692 284 48 4858 521 427
0 5 1 1 1 16 6 325 162 638 692 284 48 4858 536 422
0 5 1 1 1 16 6 325 162 638 692 284 48 4858 542 419
0 5 1 1 1 16 6 325 162 638 692 284 48 4858 543 419
0 5 1 1 1 16 6 325 162 638 692 284 48 4858 543 419
0 5 1 1 1 16 6 325 162 638 692 284 48 4858 543 419
0 5 1 1 1 16 6 325 162 638 692 284 48 4858 543 419
0 5 1 1 1 16 6 325 162 638 692 284 48 4858 543 419
0 5 1 1 1 16 6 325 162 638 692 284 48 4858 543 419
0 5 1 1 1 16 6 325 162 638 692 284 48 4858 543 419
0 5 1 1 1 16 6 325 162 638 692 284 48 4858 543 419
0 5 1 1 1 16 6 325 162 638 692 284 48 4858 547 416
0 5 1 1 1 16 6 325 162 638 692 284 48 4858 553 413
0 5 1 1 1 16 6 325 162 638 692 284 48 4858 572 402
0 5 1 1 1 16 6 325 162 638 692 284 48 4858 581 397
0 5 1 1 1 16 6 325 162 638 692 284 48 4858 597 387
0 5 1 1 1 16 6 325 162 638 692 284 48 4858 607 381
0 5 1 1 1 16 6 325 162 638 692 284 48 4858 616 374
0 5 1 1 1 16 6 325 162 638 692 284 48 4858 618 373
0 5 1 1 1 16 6 325 162 638 692 284 48 4858 620 371
0 5 1 1 1 16 6 325 162 638 692 284 48 4858 621 371
0 5 1 1 1 16 6 325 162 638 692 284 48 4858 623 370
0 5 1 1 1 16 6 325 162 638 692 284 48 4858 623 370
0 5 1 1 1 16 6 325 162 638 692 284 48 4858 624 369
0 5 1 1 1 16 6 325 162 638 692 284 48 4858 625 369
0 5 1 1 1 16 6 325 162 638 692 284 48 4858 628 367
0 5 1 1 1 16 6 325 162 638 692 284 48 4858 629 367
0 5 1 1 1 16 6 325 162 638 692 284 48 4858 632 366
0 5 1 1 1 16 6 325 162 638 692 284 48 4858 633 366
0 5 1 1 1 16 6 325 162 638 692 284 48 4858 635 365
0 5 1 1 1 16 6 325 162 638 692 284 48 4858 635 365
0 5 1 1 1 16 6 325 162 638 692 284 48 4858 636 365
0 5 1 1 1 16 6 325 162 638 692 284 48 4858 636 365
0 5 1 1 1 16 6 325 162 638 692 284 48 4858 637 365
0 5 1 1 1 16 6 325 162 638 692 284 48 4858 637 364
0 5 1 1 1 16 6 325 162 638 692 284 48 4858 637 364
0 5 1 1 1 16 6 325 162 638 692 284 48 4858 637 364
0 5 1 1 1 16 6 325 162 638 692 284 48 4858 638 363
0 5 1 1 1 16 6 325 162 638 692 284 48 4858 638 363
0 5 1 1 1 16 6 325 162 638 692 284 48 4858 639 363
0 5 1 1 1 16 6 325 162 638 692 284 48 4858 639 363
0 5 1 1 1 16 6 325 162 638 692 284 48 4858 639 362
0 5 1 1 1 16 6 325 162 638 692 284 48 4858 640 362
0 5 1 1 1 16 6 325 162 638 692 284 48 4858 641 361
0 5 1 1 1 16 6 325 162 638 692 284 48 4858 641 360
0 5 1 1 1 16 6 325 162 638 692 284 48 4858 643 359
0 5 1 1 1 16 6 325 162 638 692 284 48 4858 643 358
0 5 1 1 1 16 6 325 162 638 692 284 48 4858 644 358
0 5 1 1 1 16 6 325 162 638 692 284 48 4858 644 358
0 5 1 1 1 16 6 325 162 638 692 284 48 4858 644 358
0 5 1 1 1 16 6 325 162 638 692 284 48 4858 645 358
0 5 1 1 1 16 6 325 162 638 692 284 48 4858 645 357
0 5 1 1 1 16 6 325 162 638 692 284 48 4858 645 357
0 5 1 1 1 16 6 325 162 638 692 284 48 4858 646 357
0 5 1 1 1 16 6 325 162 638 692 284 48 4858 646 357
0 5 1 1 1 16 6 325 162 638 692 284 48 4858 647 356
0 5 1 1 1 16 6 325 162 638 692 284 48 4858 647 356
0 5 1 1 1 16 6 325 162 638 692 284 48 4858 647 356
0 5 1 1 1 16 6 325 162 638 692 284 48 4858 647 356
0 5 1 1 1 16 6 325 162 638 692 284 48 4858 647 356
0 5 1 1 1 16 6 325 162 638 692 284 48 4858 647 356
0 5 1 1 1 16 6 325 162 638 692 284 48 4858 647 356
0 5 1 1 1 16 6 325 162 638 692 284 48 4858 647 356
0 5 1 1 1 16 6 325 162 638 692 284 48 4858 647 356
0 5 1 1 1 16 6 325 162 638 692 284 48 4858 647 356
0 5 1 1 1 16 6 325 162 638 692 284 48 4858 647 356
0 5 1 1 1 16 6 325 162 638 692 284 48 4858 647 356
0 5 1 1 1 16 6 325 162 638 692 284 48 4858 647 356
0 5 1 1 1 16 6 325 162 638 692 284 48 4858 647 356
0 5 1 1 1 16 6 325 162 638 692 284 48 4858 647 356
0 5 1 1 1 16 6 325 162 638 692 284 48 4858 647 356
0 5 1 1 1 16 6 325 162 638 692 284 48 4858 647 356
0 5 1 1 1 16 6 325 162 638 692 284 48 4858 647 356
0 5 1 1 1 16 6 325 162 638 692 284 48 4858 647 356
0 5 1 1 1 16 6 325 162 638 692 284 48 4858 647 356
0 5 1 1 1 16 6 325 162 638 692 284 48 4858 647 356
0 5 1 1 1 16 6 325 162 638 692 284 48 4858 647 356
0 5 1 1 1 16 6 325 162 638 692 284 48 4858 647 356
0 5 1 1 1 16 6 325 162 638 692 284 48 4858 647 356
0 5 1 1 1 16 6 325 162 638 692 284 48 4858 647 356
0 5 1 1 1 16 6 325 162 638 692 284 48 4858 647 356
0 5 1 1 1 16 6 325 162 638 692 284 48 4858 647 356
0 5 1 1 1 16 6 325 162 638 692 284 48 4858 647 356
0 5 1 1 1 16 6 325 162 638 692 284 48 4858 647 356
0 5 1 1 1 16 6 325 162 638 692 284 48 4858 647 356
0 5 1 1 1 16 6 325 162 638 692 284 48 4858 647 356
0 5 1 1 1 16 6 325 162 638 692 284 48 4858 647 356
0 5 1 1 1 16 6 325 162 638 692 284 48 4858 647 356
0 5 1 1 1 16 6 325 162 638 692 284 48 4858 647 356
0 5 1 1 1 16 6 325 162 638 692 284 48 4858 647 356
0 5 1 1 1 16 6 325 162 638 692 284 48 4858 647 356
0 5 1 1 1 16 6 325 162 638 692 284 48 4858 647 356
0 5 1 1 1 16 6 325 162 638 692 284 48 4858 647 356
0 5 1 1 1 16 6 325 162 638 692 284 48 4858 647 356
0 5 1 1 1 16 6 325 162 638 692 284 48 4858 647 356
0 5 1 1 1 16 6 325 162 638 692 284 48 4858 647 356
0 5 1 1 1 16 6 325 162 638 692 284 48 4858 647 356
0 5 1 1 1 16 6 325 162 638 692 284 48 4858 648 354
0 5 1 1 1 16 6 325 162 638 692 284 48 4858 650 351
0 5 1 1 1 16 6 325 162 638 692 284 48 4858 651 348
0 5 1 1 1 16 6 325 162 638 692 284 48 4858 652 347
0 5 1 1 1 16 6 325 162 638 692 284 48 4858 652 345
0 5 1 1 1 16 6 325 162 638 692 284 48 4858 652 345
0 5 1 1 1 16 6 325 162 638 692 284 48 4858 655 341
0 5 1 1 1 16 6 325 162 638 692 284 48 4858 659 332
0 5 1 1 1 16 6 325 162 638 692 284 48 4858 667 321
0 5 1 1 1 16 6 325 162 638 692 284 48 4858 668 320
0 5 1 1 1 16 6 325 162 638 692 284 48 4858 670 317
0 5 1 1 1 16 6 325 162 638 692 284 48 4858 670 316
0 5 1 1 1 16 6 325 162 638 692 284 48 4858 672 314
0 5 1 1 1 16 6 325 162 638 692 284 48 4858 673 313
0 5 1 1 1 16 6 325 162 638 692 284 48 4858 674 312
0 5 1 1 1 16 6 325 162 638 692 284 48 4858 674 311
0 5 1 1 1 16 6 325 162 638 692 284 48 4858 676 308
0 5 1 1 1 16 6 325 162 638 692 284 48 4858 677 305
0 5 1 1 1 16 6 325 162 638 692 284 48 4858 679 301
0 5 1 1 1 16 6 325 162 638 692 284 48 4858 679 300
0 5 1 1 1 16 6 325 162 638 692 284 48 4858 680 297
0 5 1 1 1 16 6 325 162 638 692 284 48 4858 681 296
0 5 1 1 1 16 6 325 162 638 692 284 48 4858 683 293
0 5 1 1 1 16 6 325 162 638 692 284 48 4858 683 292
0 5 1 1 1 16 6 325 162 638 692 284 48 4858 686 289
0 5 1 1 1 16 6 325 162 638 692 284 48 4858 686 288
0 5 1 1 1 16 6 325 162 638 692 284 48 4858 688 285
0 5 1 1 1 16 6 325 162 638 692 284 48 4858 688 284
0 5 1 1 1 16 6 325 162 638 692 284 48 4858 689 283
0 5 1 1 1 16 6 325 162 638 692 284 48 4858 689 283
0 5 1 1 1 16 6 325 162 638 692 284 48 4858 689 283
0 5 1 1 1 16 6 325 162 638 692 284 48 4858 689 283
0 5 1 1 1 16 6 325 162 638 692 284 48 4858 689 283
0 5 1 1 1 16 6 325 162 638 692 284 48 4858 689 283
0 5 1 1 1 16 6 325 162 638 692 284 48 4858 689 283
0 5 1 1 1 16 6 325 162 638 692 284 48 4858 689 283
0 5 1 1 1 16 6 325 162 638 692 284 48 4858 689 283
0 5 1 1 1 16 6 325 162 638 692 284 48 4858 689 283
0 5 1 1 1 16 6 325 162 638 692 284 48 4858 689 283
0 5 1 1 1 16 6 325 162 638 692 284 48 4858 689 283
0 5 1 1 1 16 6 325 162 638 692 284 48 4858 689 283
0 5 1 1 1 16 6 325 162 638 692 284 48 4858 689 283
0 5 1 1 1 16 6 325 162 638 692 284 48 4858 689 283
0 5 1 1 1 16 6 325 162 638 692 284 48 4858 689 283
0 5 1 1 1 16 6 325 162 638 692 284 48 4858 689 283
0 5 1 1 1 16 6 325 162 638 692 284 48 4858 689 283
0 5 1 1 1 16 6 325 162 638 692 284 48 4858 689 283
0 5 1 1 1 16 6 325 162 638 692 284 48 4858 689 283
0 5 1 1 1 16 6 325 162 638 692 284 48 4858 689 283
0 5 1 1 1 16 6 325 162 638 692 284 48 4858 689 283
0 5 1 1 1 16 6 325 162 638 692 284 48 4858 689 283
0 5 1 1 1 16 6 325 162 638 692 284 48 4858 689 283
0 5 1 1 1 16 6 325 162 638 692 284 48 4858 689 283
0 5 1 1 1 16 7 325 692 284 91 533 48 2291 688 284
0 5 1 1 1 16 7 325 692 284 91 533 48 2291 688 284
0 5 1 1 1 16 7 325 692 284 91 533 48 2291 688 284
0 5 1 1 1 16 7 325 692 284 91 533 48 2291 688 284
0 5 1 1 1 16 7 325 692 284 91 533 48 2291 688 284
0 5 1 1 1 16 7 325 692 284 91 533 48 2291 688 284
0 5 1 1 1 16 7 325 692 284 91 533 48 2291 688 284
0 5 1 1 1 16 7 325 692 284 91 533 48 2291 688 284
0 5 1 1 1 16 7 325 692 284 91 533 48 2291 688 284
0 5 1 1 1 16 7 325 692 284 91 533 48 2291 688 284
0 5 1 1 1 16 7 325 692 284 91 533 48 2291 688 285
0 5 1 1 1 16 7 325 692 284 91 533 48 2291 689 285
0 5 1 1 1 16 7 325 692 284 91 533 48 2291 688 288
0 5 1 1 1 16 7 325 692 284 91 533 48 2291 683 289
0 5 1 1 1 16 7 325 692 284 91 533 48 2291 590 312
0 5 1 1 1 16 7 325 692 284 91 533 48 2291 561 318
0 5 1 1 1 16 7 325 692 284 91 533 48 2291 426 357
0 5 1 1 1 16 7 325 692 284 91 533 48 2291 385 377
0 5 1 1 1 16 7 325 692 284 91 533 48 2291 341 403
0 5 1 1 1 16 7 325 692 284 91 533 48 2291 326 414
0 5 1 1 1 16 7 325 692 284 91 533 48 2291 326 414
0 5 1 1 1 16 7 325 692 284 91 533 48 2291 326 414
0 5 1 1 1 16 7 325 692 284 91 533 48 2291 326 414
0 5 1 1 1 16 7 325 692 284 91 533 48 2291 326 414
0 5 1 1 1 16 7 325 692 284 91 533 48 2291 326 414
0 5 1 1 1 16 7 325 692 284 91 533 48 2291 326 414
0 5 1 1 1 16 7 325 692 284 91 533 48 2291 326 414
0 5 1 1 1 16 7 325 692 284 91 533 48 2291 326 414
0 5 1 1 1 16 7 325 692 284 91 533 48 2291 318 426
0 5 1 1 1 16 7 325 692 284 91 533 48 2291 305 439
0 5 1 1 1 16 7 325 692 284 91 533 48 2291 251 478
0 5 1 1 1 16 7 325 692 284 91 533 48 2291 215 504
0 5 1 1 1 16 7 325 692 284 91 533 48 2291 174 533
0 5 1 1 1 16 7 325 692 284 91 533 48 2291 165 538
0 5 1 1 1 16 7 325 692 284 91 533 48 2291 158 542
0 5 1 1 1 16 7 325 692 284 91 533 48 2291 158 542
0 5 1 1 1 16 7 325 692 284 91 533 48 2291 158 542
0 5 1 1 1 16 7 325 692 284 91 533 48 2291 158 542
0 5 1 1 1 16 7 325 692 284 91 533 48 2291 158 542
0 5 1 1 1 16 7 325 692 284 91 533 48 2291 158 542
0 5 1 1 1 16 7 325 692 284 91 533 48 2291 158 542
0 5 1 1 1 16 7 325 692 284 91 533 48 2291 158 542
0 5 1 1 1 16 7 325 692 284 91 533 48 2291 158 543
0 5 1 1 1 16 7 325 692 284 91 533 48 2291 158 544
0 5 1 1 1 16 7 325 692 284 91 533 48 2291 156 546
0 5 1 1 1 16 7 325 692 284 91 533 48 2291 151 550
0 5 1 1 1 16 7 325 692 284 91 533 48 2291 139 556
0 5 1 1 1 16 7 325 692 284 91 533 48 2291 136 558
0 5 1 1 1 16 7 325 692 284 91 533 48 2291 134 559
0 5 1 1 1 16 7 325 692 284 91 533 48 2291 133 559
0 5 1 1 1 16 7 325 692 284 91 533 48 2291 133 559
0 5 1 1 1 16 7 325 692 284 91 533 48 2291 132 559
0 5 1 1 1 16 7 325 692 284 91 533 48 2291 132 560
0 5 1 1 1 16 7 325 692 284 91 533 48 2291 131 560
0 5 1 1 1 16 7 325 692 284 91 533 48 2291 128 560
0 5 1 1 1 16 7 325 692 284 91 533 48 2291 123 556
0 5 1 1 1 16 7 325 692 284 91 533 48 2291 114 550
0 5 1 1 1 16 7 325 692 284 91 533 48 2291 108 548
0 5 1 1 1 16 7 325 692 284 91 533 48 2291 105 547
0 5 1 1 1 16 7 325 692 284 91 533 48 2291 103 545
0 5 1 1 1 16 7 325 692 284 91 533 48 2291 100 545
0 5 1 1 1 16 7 325 692 284 91 533 48 2291 99 544
0 5 1 1 1 16 7 325 692 284 91 533 48 2291 98 544
0 5 1 1 1 16 7 325 692 284 91 533 48 2291 97 543
0 5 1 1 1 16 7 325 692 284 91 533 48 2291 96 541
0 5 1 1 1 16 7 325 692 284 91 533 48 2291 96 541
0 5 1 1 1 16 7 325 692 284 91 533 48 2291 95 539
0 5 1 1 1 16 7 325 692 284 91 533 48 2291 95 539
0 5 1 1 1 16 7 325 692 284 91 533 48 2291 95 537
0 5 1 1 1 16 7 325 692 284 91 533 48 2291 95 537
0 5 1 1 1 16 7 325 692 284 91 533 48 2291 95 537
0 5 1 1 1 16 7 325 692 284 91 533 48 2291 95 537
0 5 1 1 1 16 7 325 692 284 91 533 48 2291 95 537
0 5 1 1 1 16 7 325 692 284 91 533 48 2291 95 537
0 5 1 1 1 16 7 325 692 284 91 533 48 2291 95 537
0 5 1 1 1 16 7 325 692 284 91 533 48 2291 95 537
0 5 1 1 1 16 7 325 692 284 91 533 48 2291 95 537
0 5 1 1 1 16 7 325 692 284 91 533 48 2291 95 537
0 5 1 1 1 16 7 325 692 284 91 533 48 2291 95 537
0 5 1 1 1 16 7 325 692 284 91 533 48 2291 95 537
0 5 1 1 1 16 7 325 692 284 91 533 48 2291 95 537
0 5 1 1 1 16 7 325 692 284 91 533 48 2291 95 537
0 5 1 1 1 16 7 325 692 284 91 533 48 2291 95 537
0 5 1 1 1 16 7 325 692 284 91 533 48 2291 95 537
0 5 1 1 1 16 7 325 692 284 91 533 48 2291 95 537
0 5 1 1 1 16 7 325 692 284 91 533 48 2291 95 537
0 5 1 1 1 16 7 325 692 284 91 533 48 2291 95 537
0 5 1 1 1 16 7 325 692 284 91 533 48 2291 95 537
0 5 1 1 1 16 7 325 692 284 91 533 48 2291 95 537
0 5 1 1 1 16 7 325 692 284 91 533 48 2291 95 537
0 5 1 1 1 16 7 325 692 284 91 533 48 2291 95 537
0 5 1 1 1 16 8 325 91 533 717 409 48 2267 95 537
0 5 1 1 1 16 8 325 91 533 717 409 48 2267 93 538
0 5 1 1 1 16 8 325 91 533 717 409 48 2267 93 538
0 5 1 1 1 16 8 325 91 533 717 409 48 2267 93 538
0 5 1 1 1 16 8 325 91 533 717 409 48 2267 93 538
0 5 1 1 1 16 8 325 91 533 717 409 48 2267 93 538
0 5 1 1 1 16 8 325 91 533 717 409 48 2267 93 538
0 5 1 1 1 16 8 325 91 533 717 409 48 2267 93 538
0 5 1 1 1 16 8 325 91 533 717 409 48 2267 93 538
0 5 1 1 1 16 8 325 91 533 717 409 48 2267 93 538
0 5 1 1 1 16 8 325 91 533 717 409 48 2267 93 538
0 5 1 1 1 16 8 325 91 533 717 409 48 2267 93 538
0 5 1 1 1 16 8 325 91 533 717 409 48 2267 93 538
0 5 1 1 1 16 8 325 91 533 717 409 48 2267 93 538
0 5 1 1 1 16 8 325 91 533 717 409 48 2267 93 538
0 5 1 1 1 16 8 325 91 533 717 409 48 2267 93 538
0 5 1 1 1 16 8 325 91 533 717 409 48 2267 93 538
0 5 1 1 1 16 8 325 91 533 717 409 48 2267 93 538
0 5 1 1 1 16 8 325 91 533 717 409 48 2267 93 538
0 5 1 1 1 16 8 325 91 533 717 409 48 2267 96 538
0 5 1 1 1 16 8 325 91 533 717 409 48 2267 109 534
0 5 1 1 1 16 8 325 91 533 717 409 48 2267 153 528
0 5 1 1 1 16 8 325 91 533 717 409 48 2267 201 523
0 5 1 1 1 16 8 325 91 533 717 409 48 2267 272 515
0 5 1 1 1 16 8 325 91 533 717 409 48 2267 309 511
0 5 1 1 1 16 8 325 91 533 717 409 48 2267 379 509
0 5 1 1 1 16 8 325 91 533 717 409 48 2267 399 510
0 5 1 1 1 16 8 325 91 533 717 409 48 2267 430 513
0 5 1 1 1 16 8 325 91 533 717 409 48 2267 430 513
0 5 1 1 1 16 8 325 91 533 717 409 48 2267 430 513
0 5 1 1 1 16 8 325 91 533 717 409 48 2267 430 513
0 5 1 1 1 16 8 325 91 533 717 409 48 2267 430 513
0 5 1 1 1 16 8 325 91 533 717 409 48 2267 430 513
0 5 1 1 1 16 8 325 91 533 717 409 48 2267 430 513
0 5 1 1 1 16 8 325 91 533 717 409 48 2267 430 513
0 5 1 1 1 16 8 325 91 533 717 409 48 2267 442 507
0 5 1 1 1 16 8 325 91 533 717 409 48 2267 454 500
0 5 1 1 1 16 8 325 91 533 717 409 48 2267 530 465
0 5 1 1 1 16 8 325 91 533 717 409 48 2267 549 458
0 5 1 1 1 16 8 325 91 533 717 409 48 2267 599 444
0 5 1 1 1 16 8 325 91 533 717 409 48 2267 614 440
0 5 1 1 1 16 8 325 91 533 717 409 48 2267 629 437
0 5 1 1 1 16 8 325 91 533 717 409 48 2267 629 437
0 5 1 1 1 16 8 325 91 533 717 409 48 2267 630 436
0 5 1 1 1 16 8 325 91 533 717 409 48 2267 630 436
0 5 1 1 1 16 8 325 91 533 717 409 48 2267 630 436
0 5 1 1 1 16 8 325 91 533 717 409 48 2267 630 436
0 5 1 1 1 16 8 325 91 533 717 409 48 2267 630 436
0 5 1 1 1 16 8 325 91 533 717 409 48 2267 630 436
0 5 1 1 1 16 8 325 91 533 717 409 48 2267 630 436
0 5 1 1 1 16 8 325 91 533 717 409 48 2267 633 433
0 5 1 1 1 16 8 325 91 533 717 409 48 2267 646 425
0 5 1 1 1 16 8 325 91 533 717 409 48 2267 653 423
0 5 1 1 1 16 8 325 91 533 717 409 48 2267 664 419
0 5 1 1 1 16 8 325 91 533 717 409 48 2267 667 418
0 5 1 1 1 16 8 325 91 533 717 409 48 2267 670 416
0 5 1 1 1 16 8 325 91 533 717 409 48 2267 671 416
0 5 1 1 1 16 8 325 91 533 717 409 48 2267 672 415
0 5 1 1 1 16 8 325 91 533 717 409 48 2267 673 415
0 5 1 1 1 16 8 325 91 533 717 409 48 2267 677 415
0 5 1 1 1 16 8 325 91 533 717 409 48 2267 680 414
0 5 1 1 1 16 8 325 91 533 717 409 48 2267 684 414
0 5 1 1 1 16 8 325 91 533 717 409 48 2267 687 414
0 5 1 1 1 16 8 325 91 533 717 409 48 2267 690 413
0 5 1 1 1 16 8 325 91 533 717 409 48 2267 692 413
0 5 1 1 1 16 8 325 91 533 717 409 48 2267 695 412
0 5 1 1 1 16 8 325 91 533 717 409 48 2267 697 412
0 5 1 1 1 16 8 325 91 533 717 409 48 2267 701 410
0 5 1 1 1 16 8 325 91 533 717 409 48 2267 703 409
0 5 1 1 1 16 8 325 91 533 717 409 48 2267 705 408
0 5 1 1 1 16 8 325 91 533 717 409 48 2267 706 408
0 5 1 1 1 16 8 325 91 533 717 409 48 2267 707 407
0 5 1 1 1 16 8 325 91 533 717 409 48 2267 708 407
0 5 1 1 1 16 8 325 91 533 717 409 48 2267 708 407
0 5 1 1 1 16 8 325 91 533 717 409 48 2267 708 407
0 5 1 1 1 16 8 325 91 533 717 409 48 2267 708 407
0 5 1 1 1 16 8 325 91 533 717 409 48 2267 708 407
0 5 1 1 1 16 8 325 91 533 717 409 48 2267 708 407
0 5 1 1 1 16 8 325 91 533 717 409 48 2267 708 407
0 5 1 1 1 16 8 325 91 533 717 409 48 2267 708 407
0 5 1 1 1 16 8 325 91 533 717 409 48 2267 708 407
0 5 1 1 1 16 8 325 91 533 717 409 48 2267 708 407
0 5 1 1 1 16 8 325 91 533 717 409 48 2267 708 407
0 5 1 1 1 16 8 325 91 533 717 409 48 2267 708 406
0 5 1 1 1 16 8 325 91 533 717 409 48 2267 708 406
0 5 1 1 1 16 8 325 91 533 717 409 48 2267 708 406
0 5 1 1 1 16 8 325 91 533 717 409 48 2267 708 406
0 5 1 1 1 16 8 325 91 533 717 409 48 2267 708 406
0 5 1 1 1 16 8 325 91 533 717 409 48 2267 708 406
0 5 1 1 1 16 8 325 91 533 717 409 48 2267 708 406
0 5 1 1 1 16 8 325 91 533 717 409 48 2267 708 406
0 5 1 1 1 16 9 325 717 409 67 409 48 1819 708 406
0 5 1 1 1 16 9 325 717 409 67 409 48 1819 708 406
0 5 1 1 1 16 9 325 717 409 67 409 48 1819 708 406
0 5 1 1 1 16 9 325 717 409 67 409 48 1819 708 406
0 5 1 1 1 16 9 325 717 409 67 409 48 1819 708 406
0 5 1 1 1 16 9 325 717 409 67 409 48 1819 708 406
0 5 1 1 1 16 9 325 717 409 67 409 48 1819 702 406
0 5 1 1 1 16 9 325 717 409 67 409 48 1819 683 406
0 5 1 1 1 16 9 325 717 409 67 409 48 1819 607 414
0 5 1 1 1 16 9 325 717 409 67 409 48 1819 516 420
0 5 1 1 1 16 9 325 717 409 67 409 48 1819 429 421
0 5 1 1 1 16 9 325 717 409 67 409 48 1819 380 421
0 5 1 1 1 16 9 325 717 409 67 409 48 1819 332 422
0 5 1 1 1 16 9 325 717 409 67 409 48 1819 325 422
0 5 1 1 1 16 9 325 717 409 67 409 48 1819 321 422
0 5 1 1 1 16 9 325 717 409 67 409 48 1819 321 422
0 5 1 1 1 16 9 325 717 409 67 409 48 1819 321 422
0 5 1 1 1 16 9 325 717 409 67 409 48 1819 321 422
0 5 1 1 1 16 9 325 717 409 67 409 48 1819 321 422
0 5 1 1 1 16 9 325 717 409 67 409 48 1819 321 422
0 5 1 1 1 16 9 325 717 409 67 409 48 1819 321 422
0 5 1 1 1 16 9 325 717 409 67 409 48 1819 321 423
0 5 1 1 1 16 9 325 717 409 67 409 48 1819 321 424
0 5 1 1 1 16 9 325 717 409 67 409 48 1819 320 425
0 5 1 1 1 16 9 325 717 409 67 409 48 1819 311 427
0 5 1 1 1 16 9 325 717 409 67 409 48 1819 282 428
0 5 1 1 1 16 9 325 717 409 67 409 48 1819 207 428
0 5 1 1 1 16 9 325 717 409 67 409 48 1819 155 427
0 5 1 1 1 16 9 325 717 409 67 409 48 1819 147 426
0 5 1 1 1 16 9 325 717 409 67 409 48 1819 144 425
0 5 1 1 1 16 9 325 717 409 67 409 48 1819 144 425
0 5 1 1 1 16 9 325 717 409 67 409 48 1819 144 425
0 5 1 1 1 16 9 325 717 409 67 409 48 1819 144 425
0 5 1 1 1 16 9 325 717 409 67 409 48 1819 144 425
0 5 1 1 1 16 9 325 717 409 67 409 48 1819 144 425
0 5 1 1 1 16 9 325 717 409 67 409 48 1819 144 425
0 5 1 1 1 16 9 325 717 409 67 409 48 1819 144 425
0 5 1 1 1 16 9 325 717 409 67 409 48 1819 144 425
0 5 1 1 1 16 9 325 717 409 67 409 48 1819 144 425
0 5 1 1 1 16 9 325 717 409 67 409 48 1819 143 425
0 5 1 1 1 16 9 325 717 409 67 409 48 1819 138 426
0 5 1 1 1 16 9 325 717 409 67 409 48 1819 129 425
0 5 1 1 1 16 9 325 717 409 67 409 48 1819 115 416
0 5 1 1 1 16 9 325 717 409 67 409 48 1819 110 412
0 5 1 1 1 16 9 325 717 409 67 409 48 1819 92 398
0 5 1 1 1 16 9 325 717 409 67 409 48 1819 82 391
0 5 1 1 1 16 9 325 717 409 67 409 48 1819 79 390
0 5 1 1 1 16 9 325 717 409 67 409 48 1819 78 389
0 5 1 1 1 16 9 325 717 409 67 409 48 1819 77 388
0 5 1 1 1 16 9 325 717 409 67 409 48 1819 77 388
0 5 1 1 1 16 9 325 717 409 67 409 48 1819 77 388
0 5 1 1 1 16 9 325 717 409 67 409 48 1819 77 388
0 5 1 1 1 16 9 325 717 409 67 409 48 1819 77 388
0 5 1 1 1 16 9 325 717 409 67 409 48 1819 76 388
0 5 1 1 1 16 9 325 717 409 67 409 48 1819 74 390
0 5 1 1 1 16 9 325 717 409 67 409 48 1819 70 393
0 5 1 1 1 16 9 325 717 409 67 409 48 1819 69 394
0 5 1 1 1 16 9 325 717 409 67 409 48 1819 67 395
0 5 1 1 1 16 9 325 717 409 67 409 48 1819 65 397
0 5 1 1 1 16 9 325 717 409 67 409 48 1819 63 399
0 5 1 1 1 16 9 325 717 409 67 409 48 1819 62 401
0 5 1 1 1 16 9 325 717 409 67 409 48 1819 62 402
0 5 1 1 1 16 9 325 717 409 67 409 48 1819 62 402
0 5 1 1 1 16 9 325 717 409 67 409 48 1819 61 403
0 5 1 1 1 16 9 325 717 409 67 409 48 1819 61 403
0 5 1 1 1 16 9 325 717 409 67 409 48 1819 61 404
0 5 1 1 1 16 9 325 717 409 67 409 48 1819 61 405
0 5 1 1 1 16 9 325 717 409 67 409 48 1819 61 405
0 5 1 1 1 16 9 325 717 409 67 409 48 1819 61 405
0 5 1 1 1 16 9 325 717 409 67 409 48 1819 61 405
0 5 1 1 1 16 9 325 717 409 67 409 48 1819 61 405
0 5 1 1 1 16 9 325 717 409 67 409 48 1819 61 405
0 5 1 1 1 16 9 325 717 409 67 409 48 1819 61 405
0 5 1 1 1 16 10 325 67 409 692 533 48 2554 61 405
0 5 1 1 1 16 10 325 67 409 692 533 48 2554 61 405
0 5 1 1 1 16 10 325 67 409 692 533 48 2554 61 405
0 5 1 1 1 16 10 325 67 409 692 533 48 2554 61 405
0 5 1 1 1 16 10 325 67 409 692 533 48 2554 61 405
0 5 1 1 1 16 10 325 67 409 692 533 48 2554 61 405
0 5 1 1 1 16 10 325 67 409 692 533 48 2554 61 405
0 5 1 1 1 16 10 325 67 409 692 533 48 2554 61 405
0 5 1 1 1 16 10 325 67 409 692 533 48 2554 61 405
0 5 1 1 1 16 10 325 67 409 692 533 48 2554 61 405
0 5 1 1 1 16 10 325 67 409 692 533 48 2554 61 405
0 5 1 1 1 16 10 325 67 409 692 533 48 2554 61 405
0 5 1 1 1 16 10 325 67 409 692 533 48 2554 61 405
0 5 1 1 1 16 10 325 67 409 692 533 48 2554 61 405
0 5 1 1 1 16 10 325 67 409 692 533 48 2554 61 405
0 5 1 1 1 16 10 325 67 409 692 533 48 2554 61 405
0 5 1 1 1 16 10 325 67 409 692 533 48 2554 61 405
0 5 1 1 1 16 10 325 67 409 692 533 48 2554 61 405
0 5 1 1 1 16 10 325 67 409 692 533 48 2554 61 405
0 5 1 1 1 16 10 325 67 409 692 533 48 2554 61 405
0 5 1 1 1 16 10 325 67 409 692 533 48 2554 61 405
0 5 1 1 1 16 10 325 67 409 692 533 48 2554 61 405
0 5 1 1 1 16 10 325 67 409 692 533 48 2554 61 405
0 5 1 1 1 16 10 325 67 409 692 533 48 2554 61 405
0 5 1 1 1 16 10 325 67 409 692 533 48 2554 61 405
0 5 1 1 1 16 10 325 67 409 692 533 48 2554 61 405
0 5 1 1 1 16 10 325 67 409 692 533 48 2554 61 405
0 5 1 1 1 16 10 325 67 409 692 533 48 2554 61 405
0 5 1 1 1 16 10 325 67 409 692 533 48 2554 61 405
0 5 1 1 1 16 10 325 67 409 692 533 48 2554 61 405
0 5 1 1 1 16 10 325 67 409 692 533 48 2554 61 405
0 5 1 1 1 16 10 325 67 409 692 533 48 2554 61 405
0 5 1 1 1 16 10 325 67 409 692 533 48 2554 72 407
0 5 1 1 1 16 10 325 67 409 692 533 48 2554 88 407
0 5 1 1 1 16 10 325 67 409 692 533 48 2554 142 412
0 5 1 1 1 16 10 325 67 409 692 533 48 2554 168 413
0 5 1 1 1 16 10 325 67 409 692 533 48 2554 252 427
0 5 1 1 1 16 10 325 67 409 692 533 48 2554 306 437
0 5 1 1 1 16 10 325 67 409 692 533 48 2554 377 452
0 5 1 1 1 16 10 325 67 409 692 533 48 2554 414 461
0 5 1 1 1 16 10 325 67 409 692 533 48 2554 421 463
0 5 1 1 1 16 10 325 67 409 692 533 48 2554 421 463
0 5 1 1 1 16 10 325 67 409 692 533 48 2554 421 463
0 5 1 1 1 16 10 325 67 409 692 533 48 2554 421 463
0 5 1 1 1 16 10 325 67 409 692 533 48 2554 421 463
0 5 1 1 1 16 10 325 67 409 692 533 48 2554 421 463
0 5 1 1 1 16 10 325 67 409 692 533 48 2554 421 463
0 5 1 1 1 16 10 325 67 409 692 533 48 2554 421 463
0 5 1 1 1 16 10 325 67 409 692 533 48 2554 457 469
0 5 1 1 1 16 10 325 67 409 692 533 48 2554 480 473
0 5 1 1 1 16 10 325 67 409 692 533 48 2554 555 492
0 5 1 1 1 16 10 325 67 409 692 533 48 2554 595 503
0 5 1 1 1 16 10 325 67 409 692 533 48 2554 625 511
0 5 1 1 1 16 10 325 67 409 692 533 48 2554 632 514
0 5 1 1 1 16 10 325 67 409 692 533 48 2554 632 514
0 5 1 1 1 16 10 325 67 409 692 533 48 2554 632 514
0 5 1 1 1 16 10 325 67 409 692 533 48 2554 632 514
0 5 1 1 1 16 10 325 67 409 692 533 48 2554 632 514
0 5 1 1 1 16 10 325 67 409 692 533 48 2554 632 514
0 5 1 1 1 16 10 325 67 409 692 533 48 2554 632 514
0 5 1 1 1 16 10 325 67 409 692 533 48 2554 632 514
0 5 1 1 1 16 10 325 67 409 692 533 48 2554 633 514
0 5 1 1 1 16 10 325 67 409 692 533 48 2554 649 519
0 5 1 1 1 16 10 325 67 409 692 533 48 2554 655 520
0 5 1 1 1 16 10 325 67 409 692 533 48 2554 672 523
0 5 1 1 1 16 10 325 67 409 692 533 48 2554 677 524
0 5 1 1 1 16 10 325 67 409 692 533 48 2554 680 525
0 5 1 1 1 16 10 325 67 409 692 533 48 2554 681 525
0 5 1 1 1 16 10 325 67 409 692 533 48 2554 682 525
0 5 1 1 1 16 10 325 67 409 692 533 48 2554 682 525
0 5 1 1 1 16 10 325 67 409 692 533 48 2554 682 526
0 5 1 1 1 16 10 325 67 409 692 533 48 2554 683 526
0 5 1 1 1 16 10 325 67 409 692 533 48 2554 683 526
0 5 1 1 1 16 10 325 67 409 692 533 48 2554 683 527
0 5 1 1 1 16 10 325 67 409 692 533 48 2554 683 527
0 5 1 1 1 16 10 325 67 409 692 533 48 2554 683 527
0 5 1 1 1 16 10 325 67 409 692 533 48 2554 683 527
0 5 1 1 1 16 10 325 67 409 692 533 48 2554 683 527
0 5 1 1 1 16 10 325 67 409 692 533 48 2554 683 527
0 5 1 1 1 16 10 325 67 409 692 533 48 2554 683 527
0 5 1 1 1 16 10 325 67 409 692 533 48 2554 683 527
0 5 1 1 1 16 10 325 67 409 692 533 48 2554 683 527
0 5 1 1 1 16 10 325 67 409 692 533 48 2554 683 527
0 5 1 1 1 16 10 325 67 409 692 533 48 2554 683 527
0 5 1 1 1 16 10 325 67 409 692 533 48 2554 683 527
0 5 1 1 1 16 10 325 67 409 692 533 48 2554 683 527
0 5 1 1 1 16 10 325 67 409 692 533 48 2554 683 527
0 5 1 1 1 16 10 325 67 409 692 533 48 2554 683 527
0 5 1 1 1 16 10 325 67 409 692 533 48 2554 683 527
0 5 1 1 1 16 10 325 67 409 692 533 48 2554 683 527
0 5 1 1 1 16 10 325 67 409 692 533 48 2554 683 527
0 5 1 1 1 16 10 325 67 409 692 533 48 2554 683 527
0 5 1 1 1 16 10 325 67 409 692 533 48 2554 683 527
0 5 1 1 1 16 10 325 67 409 692 533 48 2554 683 527
0 5 1 1 1 16 10 325 67 409 692 533 48 2554 683 527
0 5 1 1 1 16 10 325 67 409 692 533 48 2554 683 527
0 5 1 1 1 16 10 325 67 409 692 533 48 2554 683 527
0 5 1 1 1 16 10 325 67 409 692 533 48 2554 683 527
0 5 1 1 1 16 10 325 67 409 692 533 48 2554 683 527
0 5 1 1 1 16 10 325 67 409 692 533 48 2554 683 527
0 5 1 1 1 16 10 325 67 409 692 533 48 2554 683 527
0 5 1 1 1 16 10 325 67 409 692 533 48 2554 683 527
0 5 1 1 1 16 11 325 692 533 91 284 48 1524 683 527
0 5 1 1 1 16 11 325 692 533 91 284 48 1524 683 527
0 5 1 1 1 16 11 325 692 533 91 284 48 1524 683 527
0 5 1 1 1 16 11 325 692 533 91 284 48 1524 683 527
0 5 1 1 1 16 11 325 692 533 91 284 48 1524 683 527
0 5 1 1 1 16 11 325 692 533 91 284 48 1524 683 527
0 5 1 1 1 16 11 325 692 533 91 284 48 1524 683 527
0 5 1 1 1 16 11 325 692 533 91 284 48 1524 683 527
0 5 1 1 1 16 11 325 692 533 91 284 48 1524 683 527
0 5 1 1 1 16 11 325 692 533 91 284 48 1524 683 527
0 5 1 1 1 16 11 325 692 533 91 284 48 1524 683 527
0 5 1 1 1 16 11 325 692 533 91 284 48 1524 581 498
0 5 1 1 1 16 11 325 692 533 91 284 48 1524 539 482
0 5 1 1 1 16 11 325 692 533 91 284 48 1524 316 397
0 5 1 1 1 16 11 325 692 533 91 284 48 1524 226 362
0 5 1 1 1 16 11 325 692 533 91 284 48 1524 180 343
0 5 1 1 1 16 11 325 692 533 91 284 48 1524 172 337
0 5 1 1 1 16 11 325 692 533 91 284 48 1524 172 337
0 5 1 1 1 16 11 325 692 533 91 284 48 1524 172 337
0 5 1 1 1 16 11 325 692 533 91 284 48 1524 172 337
0 5 1 1 1 16 11 325 692 533 91 284 48 1524 172 337
0 5 1 1 1 16 11 325 692 533 91 284 48 1524 172 337
0 5 1 1 1 16 11 325 692 533 91 284 48 1524 172 337
0 5 1 1 1 16 11 325 692 533 91 284 48 1524 172 337
0 5 1 1 1 16 11 325 692 533 91 284 48 1524 172 337
0 5 1 1 1 16 11 325 692 533 91 284 48 1524 172 337
0 5 1 1 1 16 11 325 692 533 91 284 48 1524 162 334
0 5 1 1 1 16 11 325 692 533 91 284 48 1524 131 315
0 5 1 1 1 16 11 325 692 533 91 284 48 1524 111 301
0 5 1 1 1 16 11 325 692 533 91 284 48 1524 100 293
0 5 1 1 1 16 11 325 692 533 91 284 48 1524 97 290
0 5 1 1 1 16 11 325 692 533 91 284 48 1524 95 288
0 5 1 1 1 16 11 325 692 533 91 284 48 1524 95 288
0 5 1 1 1 16 11 325 692 533 91 284 48 1524 95 288
0 5 1 1 1 16 11 325 692 533 91 284 48 1524 95 288
0 5 1 1 1 16 11 325 692 533 91 284 48 1524 95 287
0 5 1 1 1 16 11 325 692 533 91 284 48 1524 95 287
0 5 1 1 1 16 11 325 692 533 91 284 48 1524 95 287
0 5 1 1 1 16 11 325 692 533 91 284 48 1524 95 287
0 5 1 1 1 16 11 325 692 533 91 284 48 1524 95 287
0 5 1 1 1 16 11 325 692 533 91 284 48 1524 95 287
0 5 1 1 1 16 11 325 692 533 91 284 48 1524 95 287
0 5 1 1 1 16 11 325 692 533 91 284 48 1524 95 287
0 5 1 1 1 16 11 325 692 533 91 284 48 1524 95 287
0 5 1 1 1 16 11 325 692 533 91 284 48 1524 95 287
0 5 1 1 1 16 11 325 692 533 91 284 48 1524 95 287
0 5 1 1 1 16 11 325 692 533 91 284 48 1524 95 287
0 5 1 1 1 16 11 325 692 533 91 284 48 1524 95 287
0 5 1 1 1 16 11 325 692 533 91 284 48 1524 95 287
0 5 1 1 1 16 11 325 692 533 91 284 48 1524 95 287
0 5 1 1 1 16 11 325 692 533 91 284 48 1524 95 287
0 5 1 1 1 16 11 325 692 533 91 284 48 1524 95 287
0 5 1 1 1 16 11 325 692 533 91 284 48 1524 95 287
0 5 1 1 1 16 11 325 692 533 91 284 48 1524 95 287
0 5 1 1 1 16 11 325 692 533 91 284 48 1524 95 287
0 5 1 1 1 16 11 325 692 533 91 284 48 1524 95 287
0 5 1 1 1 16 11 325 692 533 91 284 48 1524 95 287
0 5 1 1 1 16 11 325 692 533 91 284 48 1524 95 287
0 5 1 1 1 16 11 325 692 533 91 284 48 1524 95 287
0 5 1 1 1 16 11 325 692 533 91 284 48 1524 95 287
0 5 1 1 1 16 12 325 91 284 621 638 48 1658 95 287
0 5 1 1 1 16 12 325 91 284 621 638 48 1658 95 287
0 5 1 1 1 16 12 325 91 284 621 638 48 1658 95 287
0 5 1 1 1 16 12 325 91 284 621 638 48 1658 95 287
0 5 1 1 1 16 12 325 91 284 621 638 48 1658 95 287
0 5 1 1 1 16 12 325 91 284 621 638 48 1658 95 287
0 5 1 1 1 16 12 325 91 284 621 638 48 1658 95 287
0 5 1 1 1 16 12 325 91 284 621 638 48 1658 95 287
0 5 1 1 1 16 12 325 91 284 621 638 48 1658 95 287
0 5 1 1 1 16 12 325 91 284 621 638 48 1658 95 287
0 5 1 1 1 16 12 325 91 284 621 638 48 1658 95 287
0 5 1 1 1 16 12 325 91 284 621 638 48 1658 95 287
0 5 1 1 1 16 12 325 91 284 621 638 48 1658 95 287
0 5 1 1 1 16 12 325 91 284 621 638 48 1658 95 287
0 5 1 1 1 16 12 325 91 284 621 638 48 1658 95 287
0 5 1 1 1 16 12 325 91 284 621 638 48 1658 95 287
0 5 1 1 1 16 12 325 91 284 621 638 48 1658 125 302
0 5 1 1 1 16 12 325 91 284 621 638 48 1658 146 313
0 5 1 1 1 16 12 325 91 284 621 638 48 1658 272 390
0 5 1 1 1 16 12 325 91 284 621 638 48 1658 322 425
0 5 1 1 1 16 12 325 91 284 621 638 48 1658 381 461
0 5 1 1 1 16 12 325 91 284 621 638 48 1658 401 474
0 5 1 1 1 16 12 325 91 284 621 638 48 1658 407 478
0 5 1 1 1 16 12 325 91 284 621 638 48 1658 407 478
0 5 1 1 1 16 12 325 91 284 621 638 48 1658 407 478
0 5 1 1 1 16 12 325 91 284 621 638 48 1658 407 478
0 5 1 1 1 16 12 325 91 284 621 638 48 1658 407 478
0 5 1 1 1 16 12 325 91 284 621 638 48 1658 407 478
0 5 1 1 1 16 12 325 91 284 621 638 48 1658 407 478
0 5 1 1 1 16 12 325 91 284 621 638 48 1658 407 478
0 5 1 1 1 16 12 325 91 284 621 638 48 1658 443 485
0 5 1 1 1 16 12 325 91 284 621 638 48 1658 460 488
0 5 1 1 1 16 12 325 91 284 621 638 48 1658 546 517
0 5 1 1 1 16 12 325 91 284 621 638 48 1658 561 524
0 5 1 1 1 16 12 325 91 284 621 638 48 1658 595 541
0 5 1 1 1 16 12 325 91 284 621 638 48 1658 601 544
0 5 1 1 1 16 12 325 91 284 621 638 48 1658 603 544
0 5 1 1 1 16 12 325 91 284 621 638 48 1658 603 544
0 5 1 1 1 16 12 325 91 284 621 638 48 1658 603 544
0 5 1 1 1 16 12 325 91 284 621 638 48 1658 603 544
0 5 1 1 1 16 12 325 91 284 621 638 48 1658 603 544
0 5 1 1 1 16 12 325 91 284 621 638 48 1658 603 544
0 5 1 1 1 16 12 325 91 284 621 638 48 1658 603 544
0 5 1 1 1 16 12 325 91 284 621 638 48 1658 603 544
0 5 1 1 1 16 12 325 91 284 621 638 48 1658 612 560
0 5 1 1 1 16 12 325 91 284 621 638 48 1658 617 570
0 5 1 1 1 16 12 325 91 284 621 638 48 1658 626 590
0 5 1 1 1 16 12 325 91 284 621 638 48 1658 629 597
0 5 1 1 1 16 12 325 91 284 621 638 48 1658 631 603
0 5 1 1 1 16 12 325 91 284 621 638 48 1658 632 605
0 5 1 1 1 16 12 325 91 284 621 638 48 1658 633 608
0 5 1 1 1 16 12 325 91 284 621 638 48 1658 634 609
0 5 1 1 1 16 12 325 91 284 621 638 48 1658 635 610
0 5 1 1 1 16 12 325 91 284 621 638 48 1658 635 610
0 5 1 1 1 16 12 325 91 284 621 638 48 1658 634 616
0 5 1 1 1 16 12 325 91 284 621 638 48 1658 631 622
0 5 1 1 1 16 12 325 91 284 621 638 48 1658 626 636
0 5 1 1 1 16 12 325 91 284 621 638 48 1658 626 636
0 5 1 1 1 16 12 325 91 284 621 638 48 1658 625 638
0 5 1 1 1 16 12 325 91 284 621 638 48 1658 625 638
0 5 1 1 1 16 12 325 91 284 621 638 48 1658 625 639
0 5 1 1 1 16 12 325 91 284 621 638 48 1658 625 639
0 5 1 1 1 16 12 325 91 284 621 638 48 1658 625 639
0 5 1 1 1 16 12 325 91 284 621 638 48 1658 625 639
0 5 1 1 1 16 12 325 91 284 621 638 48 1658 625 639
0 5 1 1 1 16 12 325 91 284 621 638 48 1658 625 639
0 5 1 1 1 16 13 325 621 638 162 179 48 1649 625 639
0 5 1 1 1 16 13 325 621 638 162 179 48 1649 625 639
0 5 1 1 1 16 13 325 621 638 162 179 48 1649 625 639
0 5 1 1 1 16 13 325 621 638 162 179 48 1649 625 639
0 5 1 1 1 16 13 325 621 638 162 179 48 1649 625 639
0 5 1 1 1 16 13 325 621 638 162 179 48 1649 625 639
0 5 1 1 1 16 13 325 621 638 162 179 48 1649 625 639
0 5 1 1 1 16 13 325 621 638 162 179 48 1649 625 639
0 5 1 1 1 16 13 325 621 638 162 179 48 1649 625 639
0 5 1 1 1 16 13 325 621 638 162 179 48 1649 625 639
0 5 1 1 1 16 13 325 621 638 162 179 48 1649 625 639
0 5 1 1 1 16 13 325 621 638 162 179 48 1649 625 639
0 5 1 1 1 16 13 325 621 638 162 179 48 1649 625 639
0 5 1 1 1 16 13 325 621 638 162 179 48 1649 625 639
0 5 1 1 1 16 13 325 621 638 162 179 48 1649 625 639
0 5 1 1 1 16 13 325 621 638 162 179 48 1649 625 639
0 5 1 1 1 16 13 325 621 638 162 179 48 1649 625 639
0 5 1 1 1 16 13 325 621 638 162 179 48 1649 625 639
0 5 1 1 1 16 13 325 621 638 162 179 48 1649 625 639
0 5 1 1 1 16 13 325 621 638 162 179 48 1649 625 639
0 5 1 1 1 16 13 325 621 638 162 179 48 1649 625 639
0 5 1 1 1 16 13 325 621 638 162 179 48 1649 625 639
0 5 1 1 1 16 13 325 621 638 162 179 48 1649 625 639
0 5 1 1 1 16 13 325 621 638 162 179 48 1649 625 639
0 5 1 1 1 16 13 325 621 638 162 179 48 1649 625 639
0 5 1 1 1 16 13 325 621 638 162 179 48 1649 625 639
0 5 1 1 1 16 13 325 621 638 162 179 48 1649 624 639
0 5 1 1 1 16 13 325 621 638 162 179 48 1649 611 632
0 5 1 1 1 16 13 325 621 638 162 179 48 1649 553 591
0 5 1 1 1 16 13 325 621 638 162 179 48 1649 482 541
0 5 1 1 1 16 13 325 621 638 162 179 48 1649 346 410
0 5 1 1 1 16 13 325 621 638 162 179 48 1649 319 376
0 5 1 1 1 16 13 325 621 638 162 179 48 1649 281 316
0 5 1 1 1 16 13 325 621 638 162 179 48 1649 278 309
0 5 1 1 1 16 13 325 621 638 162 179 48 1649 276 304
0 5 1 1 1 16 13 325 621 638 162 179 48 1649 276 304
0 5 1 1 1 16 13 325 621 638 162 179 48 1649 276 304
0 5 1 1 1 16 13 325 621 638 162 179 48 1649 276 304
0 5 1 1 1 16 13 325 621 638 162 179 48 1649 276 304
0 5 1 1 1 16 13 325 621 638 162 179 48 1649 276 304
0 5 1 1 1 16 13 325 621 638 162 179 48 1649 276 304
0 5 1 1 1 16 13 325 621 638 162 179 48 1649 276 304
0 5 1 1 1 16 13 325 621 638 162 179 48 1649 268 294
0 5 1 1 1 16 13 325 621 638 162 179 48 1649 244 266
0 5 1 1 1 16 13 325 621 638 162 179 48 1649 198 209
0 5 1 1 1 16 13 325 621 638 162 179 48 1649 185 194
0 5 1 1 1 16 13 325 621 638 162 179 48 1649 167 175
0 5 1 1 1 16 13 325 621 638 162 179 48 1649 165 173
0 5 1 1 1 16 13 325 621 638 162 179 48 1649 165 173
0 5 1 1 1 16 13 325 621 638 162 179 48 1649 165 173
0 5 1 1 1 16 13 325 621 638 162 179 48 1649 165 173
0 5 1 1 1 16 13 325 621 638 162 179 48 1649 165 173
0 5 1 1 1 16 13 325 621 638 162 179 48 1649 165 173
0 5 1 1 1 16 13 325 621 638 162 179 48 1649 165 173
0 5 1 1 1 16 13 325 621 638 162 179 48 1649 165 173
0 5 1 1 1 16 13 325 621 638 162 179 48 1649 165 173
0 5 1 1 1 16 13 325 621 638 162 179 48 1649 165 173
0 5 1 1 1 16 13 325 621 638 162 179 48 1649 165 173
0 5 1 1 1 16 13 325 621 638 162 179 48 1649 165 173
0 5 1 1 1 16 13 325 621 638 162 179 48 1649 165 173
0 5 1 1 1 16 13 325 621 638 162 179 48 1649 165 173
0 5 1 1 1 16 13 325 621 638 162 179 48 1649 165 173
0 5 1 1 1 16 13 325 621 638 162 179 48 1649 165 173
0 5 1 1 1 16 13 325 621 638 162 179 48 1649 165 173
0 5 1 1 1 16 13 325 621 638 162 179 48 1649 165 173
0 5 1 1 1 16 13 325 621 638 162 179 48 1649 165 173
0 5 1 1 1 16 14 325 162 179 516 709 48 1400 165 173
0 5 1 1 1 16 14 325 162 179 516 709 48 1400 165 173
0 5 1 1 1 16 14 325 162 179 516 709 48 1400 165 173
0 5 1 1 1 16 14 325 162 179 516 709 48 1400 165 173
0 5 1 1 1 16 14 325 162 179 516 709 48 1400 165 173
0 5 1 1 1 16 14 325 162 179 516 709 48 1400 165 173
0 5 1 1 1 16 14 325 162 179 516 709 48 1400 165 173
0 5 1 1 1 16 14 325 162 179 516 709 48 1400 165 173
0 5 1 1 1 16 14 325 162 179 516 709 48 1400 165 173
0 5 1 1 1 16 14 325 162 179 516 709 48 1400 165 173
0 5 1 1 1 16 14 325 162 179 516 709 48 1400 165 173
0 5 1 1 1 16 14 325 162 179 516 709 48 1400 169 183
0 5 1 1 1 16 14 325 162 179 516 709 48 1400 191 217
0 5 1 1 1 16 14 325 162 179 516 709 48 1400 209 247
0 5 1 1 1 16 14 325 162 179 516 709 48 1400 289 371
0 5 1 1 1 16 14 325 162 179 516 709 48 1400 330 440
0 5 1 1 1 16 14 325 162 179 516 709 48 1400 389 536
0 5 1 1 1 16 14 325 162 179 516 709 48 1400 401 557
0 5 1 1 1 16 14 325 162 179 516 709 48 1400 428 607
0 5 1 1 1 16 14 325 162 179 516 709 48 1400 428 607
0 5 1 1 1 16 14 325 162 179 516 709 48 1400 428 607
0 5 1 1 1 16 14 325 162 179 516 709 48 1400 428 607
0 5 1 1 1 16 14 325 162 179 516 709 48 1400 428 607
0 5 1 1 1 16 14 325 162 179 516 709 48 1400 428 607
0 5 1 1 1 16 14 325 162 179 516 709 48 1400 428 607
0 5 1 1 1 16 14 325 162 179 516 709 48 1400 428 607
0 5 1 1 1 16 14 325 162 179 516 709 48 1400 433 609
0 5 1 1 1 16 14 325 162 179 516 709 48 1400 443 610
0 5 1 1 1 16 14 325 162 179 516 709 48 1400 473 624
0 5 1 1 1 16 14 325 162 179 516 709 48 1400 495 636
0 5 1 1 1 16 14 325 162 179 516 709 48 1400 517 650
0 5 1 1 1 16 14 325 162 179 516 709 48 1400 528 660
0 5 1 1 1 16 14 325 162 179 516 709 48 1400 537 671
0 5 1 1 1 16 14 325 162 179 516 709 48 1400 540 677
0 5 1 1 1 16 14 325 162 179 516 709 48 1400 542 682
0 5 1 1 1 16 14 325 162 179 516 709 48 1400 542 684
0 5 1 1 1 16 14 325 162 179 516 709 48 1400 542 685
0 5 1 1 1 16 14 325 162 179 516 709 48 1400 542 686
0 5 1 1 1 16 14 325 162 179 516 709 48 1400 542 687
0 5 1 1 1 16 14 325 162 179 516 709 48 1400 542 687
0 5 1 1 1 16 14 325 162 179 516 709 48 1400 541 689
0 5 1 1 1 16 14 325 162 179 516 709 48 1400 539 693
0 5 1 1 1 16 14 325 162 179 516 709 48 1400 537 696
0 5 1 1 1 16 14 325 162 179 516 709 48 1400 534 698
0 5 1 1 1 16 14 325 162 179 516 709 48 1400 534 698
0 5 1 1 1 16 14 325 162 179 516 709 48 1400 533 699
0 5 1 1 1 16 14 325 162 179 516 709 48 1400 532 699
0 5 1 1 1 16 14 325 162 179 516 709 48 1400 532 699
0 5 1 1 1 16 14 325 162 179 516 709 48 1400 531 699
0 5 1 1 1 16 14 325 162 179 516 709 48 1400 531 699
0 5 1 1 1 16 14 325 162 179 516 709 48 1400 530 700
0 5 1 1 1 16 14 325 162 179 516 709 48 1400 530 701
0 5 1 1 1 16 14 325 162 179 516 709 48 1400 529 701
0 5 1 1 1 16 14 325 162 179 516 709 48 1400 528 701
0 5 1 1 1 16 14 325 162 179 516 709 48 1400 528 701
0 5 1 1 1 16 14 325 162 179 516 709 48 1400 526 702
0 5 1 1 1 16 15 325 516 709 267 108 48 1985 526 702
0 5 1 1 1 16 15 325 516 709 267 108 48 1985 526 702
0 5 1 1 1 16 15 325 516 709 267 108 48 1985 526 702
0 5 1 1 1 16 15 325 516 709 267 108 48 1985 526 702
0 5 1 1 1 16 15 325 516 709 267 108 48 1985 525 702
0 5 1 1 1 16 15 325 516 709 267 108 48 1985 508 664
0 5 1 1 1 16 15 325 516 709 267 108 48 1985 497 641
0 5 1 1 1 16 15 325 516 709 267 108 48 1985 410 409
0 5 1 1 1 16 15 325 516 709 267 108 48 1985 334 173
0 5 1 1 1 16 15 325 516 709 267 108 48 1985 310 91
0 5 1 1 1 16 15 325 516 709 267 108 48 1985 300 56
0 5 1 1 1 16 15 325 516 709 267 108 48 1985 300 56
0 5 1 1 1 16 15 325 516 709 267 108 48 1985 300 56
0 5 1 1 1 16 15 325 516 709 267 108 48 1985 300 56
0 5 1 1 1 16 15 325 516 709 267 108 48 1985 300 56
0 5 1 1 1 16 15 325 516 709 267 108 48 1985 300 56
0 5 1 1 1 16 15 325 516 709 267 108 48 1985 300 56
0 5 1 1 1 16 15 325 516 709 267 108 48 1985 300 56
0 5 1 1 1 16 15 325 516 709 267 108 48 1985 300 58
0 5 1 1 1 16 15 325 516 709 267 108 48 1985 300 58
0 5 1 1 1 16 15 325 516 709 267 108 48 1985 297 64
0 5 1 1 1 16 15 325 516 709 267 108 48 1985 294 68
0 5 1 1 1 16 15 325 516 709 267 108 48 1985 281 86
0 5 1 1 1 16 15 325 516 709 267 108 48 1985 276 94
0 5 1 1 1 16 15 325 516 709 267 108 48 1985 274 98
0 5 1 1 1 16 15 325 516 709 267 108 48 1985 274 99
0 5 1 1 1 16 15 325 516 709 267 108 48 1985 273 104
0 5 1 1 1 16 15 325 516 709 267 108 48 1985 273 106
0 5 1 1 1 16 15 325 516 709 267 108 48 1985 272 112
0 5 1 1 1 16 15 325 516 709 267 108 48 1985 272 114
0 5 1 1 1 16 15 325 516 709 267 108 48 1985 272 115
0 5 1 1 1 16 15 325 516 709 267 108 48 1985 272 115
0 5 1 1 1 16 15 325 516 709 267 108 48 1985 272 115
0 5 1 1 1 16 15 325 516 709 267 108 48 1985 272 115
0 5 1 1 1 16 15 325 516 709 267 108 48 1985 272 115
0 5 1 1 1 16 15 325 516 709 267 108 48 1985 272 115
0 5 1 1 1 16 15 325 516 709 267 108 48 1985 272 115
0 5 1 1 1 16 15 325 516 709 267 108 48 1985 272 115
0 5 1 1 1 16 15 325 516 709 267 108 48 1985 272 115
0 5 1 1 1 16 15 325 516 709 267 108 48 1985 272 115
0 5 1 1 1 16 15 325 516 709 267 108 48 1985 272 115
0 5 1 1 1 16 15 325 516 709 267 108 48 1985 272 115
0 5 1 1 1 16 15 325 516 709 267 108 48 1985 272 115
0 5 1 1 1 16 15 325 516 709 267 108 48 1985 272 115
0 5 1 1 1 16 15 325 516 709 267 108 48 1985 272 115
0 5 1 1 1 16 15 325 516 709 267 108 48 1985 272 115
0 5 1 1 1 16 15 325 516 709 267 108 48 1985 272 115
0 5 1 1 1 16 15 325 516 709 267 108 48 1985 272 115
0 5 1 1 1 16 15 325 516 709 267 108 48 1985 272 115
0 5 1 1 1 16 15 325 516 709 267 108 48 1985 272 115
0 5 1 1 1 16 15 325 516 709 267 108 48 1985 272 115
0 5 1 1 1 16 15 325 516 709 267 108 48 1985 272 115
0 5 1 1 1 16 15 325 516 709 267 108 48 1985 272 115
0 5 1 1 1 16 15 325 516 709 267 108 48 1985 272 115
0 5 1 1 1 16 15 325 516 709 267 108 48 1985 272 115
0 5 1 1 1 16 15 325 516 709 267 108 48 1985 272 115
0 5 1 1 1 16 15 325 516 709 267 108 48 1985 272 115
0 5 1 1 1 16 15 325 516 709 267 108 48 1985 272 115
0 5 1 1 1 16 15 325 516 709 267 108 48 1985 272 115
0 5 1 1 1 16 15 325 516 709 267 108 48 1985 272 115
0 5 1 1 1 16 15 325 516 709 267 108 48 1985 272 115
0 5 1 1 1 16 15 325 516 709 267 108 48 1985 272 115
0 5 1 1 1 16 15 325 516 709 267 108 48 1985 272 115
0 5 1 1 1 16 15 325 516 709 267 108 48 1985 272 115
0 5 1 1 1 16 15 325 516 709 267 108 48 1985 272 115
0 5 1 1 1 16 15 325 516 709 267 108 48 1985 272 115
0 5 1 1 1 16 15 325 516 709 267 108 48 1985 272 115
0 5 1 1 1 16 15 325 516 709 267 108 48 1985 272 115
0 5 1 1 1 16 15 325 516 709 267 108 48 1985 272 115
0 5 1 1 1 16 15 325 516 709 267 108 48 1985 272 115
0 5 1 1 1 16 15 325 516 709 267 108 48 1985 272 115
0 5 1 1 1 16 15 325 516 709 267 108 48 1985 272 115
0 5 1 1 1 16 15 325 516 709 267 108 48 1985 272 115
0 5 1 1 1 16 15 325 516 709 267 108 48 1985 272 115
0 5 1 1 1 16 15 325 516 709 267 108 48 1985 272 115
0 5 1 1 1 16 15 325 516 709 267 108 48 1985 272 115
0 5 1 1 1 16 15 325 516 709 267 108 48 1985 272 115
0 5 1 1 1 16 15 325 516 709 267 108 48 1985 272 115
0 5 1 1 1 16 15 325 516 709 267 108 48 1985 272 115
