NumberDevice UserId Block Sequence NumberClicks NumberCircles CircleID DistanceCenter PixelStartCircleX PixelStartCircleY PixelEndCircleX PixelEndCircleY TargetWidth ElapsedTime MouseX MouseY
0 5 1 1 1 16 1 325 391 84 392 734 48 6417 392 81
0 5 1 1 1 16 1 325 391 84 392 734 48 6417 392 81
0 5 1 1 1 16 1 325 391 84 392 734 48 6417 392 81
0 5 1 1 1 16 1 325 391 84 392 734 48 6417 392 81
0 5 1 1 1 16 1 325 391 84 392 734 48 6417 392 81
0 5 1 1 1 16 1 325 391 84 392 734 48 6417 392 81
0 5 1 1 1 16 1 325 391 84 392 734 48 6417 392 81
0 5 1 1 1 16 1 325 391 84 392 734 48 6417 392 81
0 5 1 1 1 16 1 325 391 84 392 734 48 6417 392 81
0 5 1 1 1 16 1 325 391 84 392 734 48 6417 392 81
0 5 1 1 1 16 1 325 391 84 392 734 48 6417 392 81
0 5 1 1 1 16 1 325 391 84 392 734 48 6417 392 81
0 5 1 1 1 16 1 325 391 84 392 734 48 6417 392 81
0 5 1 1 1 16 1 325 391 84 392 734 48 6417 392 81
0 5 1 1 1 16 1 325 391 84 392 734 48 6417 392 81
0 5 1 1 1 16 1 325 391 84 392 734 48 6417 392 81
0 5 1 1 1 16 1 325 391 84 392 734 48 6417 392 81
0 5 1 1 1 16 1 325 391 84 392 734 48 6417 392 81
0 5 1 1 1 16 1 325 391 84 392 734 48 6417 392 81
0 5 1 1 1 16 1 325 391 84 392 734 48 6417 392 81
0 5 1 1 1 16 1 325 391 84 392 734 48 6417 392 81
0 5 1 1 1 16 1 325 391 84 392 734 48 6417 392 81
0 5 1 1 1 16 1 325 391 84 392 734 48 6417 392 81
0 5 1 1 1 16 1 325 391 84 392 734 48 6417 392 81
0 5 1 1 1 16 1 325 391 84 392 734 48 6417 392 81
0 5 1 1 1 16 1 325 391 84 392 734 48 6417 392 81
0 5 1 1 1 16 1 325 391 84 392 734 48 6417 392 81
0 5 1 1 1 16 1 325 391 84 392 734 48 6417 392 81
0 5 1 1 1 16 1 325 391 84 392 734 48 6417 392 81
0 5 1 1 1 16 1 325 391 84 392 734 48 6417 392 81
0 5 1 1 1 16 1 325 391 84 392 734 48 6417 392 81
0 5 1 1 1 16 1 325 391 84 392 734 48 6417 392 81
0 5 1 1 1 16 1 325 391 84 392 734 48 6417 392 81
0 5 1 1 1 16 1 325 391 84 392 734 48 6417 392 81
0 5 1 1 1 16 1 325 391 84 392 734 48 6417 392 81
0 5 1 1 1 16 1 325 391 84 392 734 48 6417 392 81
0 5 1 1 1 16 1 325 391 84 392 734 48 6417 392 81
0 5 1 1 1 16 1 325 391 84 392 734 48 6417 392 81
0 5 1 1 1 16 1 325 391 84 392 734 48 6417 392 81
0 5 1 1 1 16 1 325 391 84 392 734 48 6417 392 81
0 5 1 1 1 16 1 325 391 84 392 734 48 6417 392 81
0 5 1 1 1 16 1 325 391 84 392 734 48 6417 392 81
0 5 1 1 1 16 1 325 391 84 392 734 48 6417 392 81
0 5 1 1 1 16 1 325 391 84 392 734 48 6417 392 81
0 5 1 1 1 16 1 325 391 84 392 734 48 6417 392 81
0 5 1 1 1 16 1 325 391 84 392 734 48 6417 392 81
0 5 1 1 1 16 1 325 391 84 392 734 48 6417 392 81
0 5 1 1 1 16 1 325 391 84 392 734 48 6417 392 81
0 5 1 1 1 16 1 325 391 84 392 734 48 6417 392 81
0 5 1 1 1 16 1 325 391 84 392 734 48 6417 392 81
0 5 1 1 1 16 1 325 391 84 392 734 48 6417 392 81
0 5 1 1 1 16 1 325 391 84 392 734 48 6417 392 81
0 5 1 1 1 16 1 325 391 84 392 734 48 6417 392 81
0 5 1 1 1 16 1 325 391 84 392 734 48 6417 392 81
0 5 1 1 1 16 1 325 391 84 392 734 48 6417 392 81
0 5 1 1 1 16 1 325 391 84 392 734 48 6417 392 81
0 5 1 1 1 16 1 325 391 84 392 734 48 6417 392 81
0 5 1 1 1 16 1 325 391 84 392 734 48 6417 392 81
0 5 1 1 1 16 1 325 391 84 392 734 48 6417 392 81
0 5 1 1 1 16 1 325 391 84 392 734 48 6417 392 81
0 5 1 1 1 16 1 325 391 84 392 734 48 6417 392 81
0 5 1 1 1 16 1 325 391 84 392 734 48 6417 392 81
0 5 1 1 1 16 1 325 391 84 392 734 48 6417 392 81
0 5 1 1 1 16 1 325 391 84 392 734 48 6417 392 81
0 5 1 1 1 16 1 325 391 84 392 734 48 6417 392 81
0 5 1 1 1 16 1 325 391 84 392 734 48 6417 392 81
0 5 1 1 1 16 1 325 391 84 392 734 48 6417 392 81
0 5 1 1 1 16 1 325 391 84 392 734 48 6417 392 81
0 5 1 1 1 16 1 325 391 84 392 734 48 6417 392 81
0 5 1 1 1 16 1 325 391 84 392 734 48 6417 392 81
0 5 1 1 1 16 1 325 391 84 392 734 48 6417 392 81
0 5 1 1 1 16 1 325 391 84 392 734 48 6417 392 81
0 5 1 1 1 16 1 325 391 84 392 734 48 6417 392 81
0 5 1 1 1 16 1 325 391 84 392 734 48 6417 392 81
0 5 1 1 1 16 1 325 391 84 392 734 48 6417 392 81
0 5 1 1 1 16 1 325 391 84 392 734 48 6417 392 81
0 5 1 1 1 16 1 325 391 84 392 734 48 6417 392 81
0 5 1 1 1 16 1 325 391 84 392 734 48 6417 392 81
0 5 1 1 1 16 1 325 391 84 392 734 48 6417 392 81
0 5 1 1 1 16 1 325 391 84 392 734 48 6417 392 81
0 5 1 1 1 16 1 325 391 84 392 734 48 6417 392 81
0 5 1 1 1 16 1 325 391 84 392 734 48 6417 391 83
0 5 1 1 1 16 1 325 391 84 392 734 48 6417 388 91
0 5 1 1 1 16 1 325 391 84 392 734 48 6417 383 112
0 5 1 1 1 16 1 325 391 84 392 734 48 6417 381 128
0 5 1 1 1 16 1 325 391 84 392 734 48 6417 381 169
0 5 1 1 1 16 1 325 391 84 392 734 48 6417 385 203
0 5 1 1 1 16 1 325 391 84 392 734 48 6417 388 277
0 5 1 1 1 16 1 325 391 84 392 734 48 6417 388 303
0 5 1 1 1 16 1 325 391 84 392 734 48 6417 380 438
0 5 1 1 1 16 1 325 391 84 392 734 48 6417 379 464
0 5 1 1 1 16 1 325 391 84 392 734 48 6417 377 489
0 5 1 1 1 16 1 325 391 84 392 734 48 6417 377 489
0 5 1 1 1 16 1 325 391 84 392 734 48 6417 377 489
0 5 1 1 1 16 1 325 391 84 392 734 48 6417 377 489
0 5 1 1 1 16 1 325 391 84 392 734 48 6417 377 489
0 5 1 1 1 16 1 325 391 84 392 734 48 6417 377 489
0 5 1 1 1 16 1 325 391 84 392 734 48 6417 377 489
0 5 1 1 1 16 1 325 391 84 392 734 48 6417 377 489
0 5 1 1 1 16 1 325 391 84 392 734 48 6417 377 489
0 5 1 1 1 16 1 325 391 84 392 734 48 6417 377 489
0 5 1 1 1 16 1 325 391 84 392 734 48 6417 377 489
0 5 1 1 1 16 1 325 391 84 392 734 48 6417 377 489
0 5 1 1 1 16 1 325 391 84 392 734 48 6417 377 496
0 5 1 1 1 16 1 325 391 84 392 734 48 6417 373 514
0 5 1 1 1 16 1 325 391 84 392 734 48 6417 370 532
0 5 1 1 1 16 1 325 391 84 392 734 48 6417 369 539
0 5 1 1 1 16 1 325 391 84 392 734 48 6417 366 561
0 5 1 1 1 16 1 325 391 84 392 734 48 6417 365 568
0 5 1 1 1 16 1 325 391 84 392 734 48 6417 360 591
0 5 1 1 1 16 1 325 391 84 392 734 48 6417 359 599
0 5 1 1 1 16 1 325 391 84 392 734 48 6417 358 600
0 5 1 1 1 16 1 325 391 84 392 734 48 6417 358 600
0 5 1 1 1 16 1 325 391 84 392 734 48 6417 358 600
0 5 1 1 1 16 1 325 391 84 392 734 48 6417 358 600
0 5 1 1 1 16 1 325 391 84 392 734 48 6417 358 600
0 5 1 1 1 16 1 325 391 84 392 734 48 6417 358 600
0 5 1 1 1 16 1 325 391 84 392 734 48 6417 358 600
0 5 1 1 1 16 1 325 391 84 392 734 48 6417 358 600
0 5 1 1 1 16 1 325 391 84 392 734 48 6417 358 600
0 5 1 1 1 16 1 325 391 84 392 734 48 6417 358 606
0 5 1 1 1 16 1 325 391 84 392 734 48 6417 357 613
0 5 1 1 1 16 1 325 391 84 392 734 48 6417 356 643
0 5 1 1 1 16 1 325 391 84 392 734 48 6417 358 663
0 5 1 1 1 16 1 325 391 84 392 734 48 6417 362 691
0 5 1 1 1 16 1 325 391 84 392 734 48 6417 364 698
0 5 1 1 1 16 1 325 391 84 392 734 48 6417 369 713
0 5 1 1 1 16 1 325 391 84 392 734 48 6417 372 722
0 5 1 1 1 16 1 325 391 84 392 734 48 6417 374 727
0 5 1 1 1 16 1 325 391 84 392 734 48 6417 374 729
0 5 1 1 1 16 1 325 391 84 392 734 48 6417 375 733
0 5 1 1 1 16 1 325 391 84 392 734 48 6417 375 736
0 5 1 1 1 16 1 325 391 84 392 734 48 6417 375 737
0 5 1 1 1 16 1 325 391 84 392 734 48 6417 375 737
0 5 1 1 1 16 1 325 391 84 392 734 48 6417 377 739
0 5 1 1 1 16 1 325 391 84 392 734 48 6417 377 739
0 5 1 1 1 16 1 325 391 84 392 734 48 6417 377 739
0 5 1 1 1 16 1 325 391 84 392 734 48 6417 377 739
0 5 1 1 1 16 1 325 391 84 392 734 48 6417 378 739
0 5 1 1 1 16 1 325 391 84 392 734 48 6417 379 739
0 5 1 1 1 16 1 325 391 84 392 734 48 6417 379 739
0 5 1 1 1 16 1 325 391 84 392 734 48 6417 379 739
0 5 1 1 1 16 1 325 391 84 392 734 48 6417 379 739
0 5 1 1 1 16 1 325 391 84 392 734 48 6417 380 738
0 5 1 1 1 16 1 325 391 84 392 734 48 6417 381 738
0 5 1 1 1 16 1 325 391 84 392 734 48 6417 381 737
0 5 1 1 1 16 1 325 391 84 392 734 48 6417 381 737
0 5 1 1 1 16 1 325 391 84 392 734 48 6417 381 737
0 5 1 1 1 16 1 325 391 84 392 734 48 6417 381 737
0 5 1 1 1 16 1 325 391 84 392 734 48 6417 381 737
0 5 1 1 1 16 1 325 391 84 392 734 48 6417 381 737
0 5 1 1 1 16 1 325 391 84 392 734 48 6417 381 737
0 5 1 1 1 16 1 325 391 84 392 734 48 6417 381 737
0 5 1 1 1 16 1 325 391 84 392 734 48 6417 381 737
0 5 1 1 1 16 1 325 391 84 392 734 48 6417 381 737
0 5 1 1 1 16 1 325 391 84 392 734 48 6417 381 737
0 5 1 1 1 16 1 325 391 84 392 734 48 6417 381 737
0 5 1 1 1 16 1 325 391 84 392 734 48 6417 381 737
0 5 1 1 1 16 1 325 391 84 392 734 48 6417 381 737
0 5 1 1 1 16 1 325 391 84 392 734 48 6417 381 737
0 5 1 1 1 16 1 325 391 84 392 734 48 6417 381 737
0 5 1 1 1 16 1 325 391 84 392 734 48 6417 381 737
0 5 1 1 1 16 1 325 391 84 392 734 48 6417 381 737
0 5 1 1 1 16 1 325 391 84 392 734 48 6417 381 737
0 5 1 1 1 16 1 325 391 84 392 734 48 6417 381 737
0 5 1 1 1 16 1 325 391 84 392 734 48 6417 381 737
0 5 1 1 1 16 1 325 391 84 392 734 48 6417 381 737
0 5 1 1 1 16 1 325 391 84 392 734 48 6417 381 737
0 5 1 1 1 16 1 325 391 84 392 734 48 6417 381 737
0 5 1 1 1 16 1 325 391 84 392 734 48 6417 381 737
0 5 1 1 1 16 1 325 391 84 392 734 48 6417 381 737
0 5 1 1 1 16 1 325 391 84 392 734 48 6417 381 737
0 5 1 1 1 16 1 325 391 84 392 734 48 6417 381 737
0 5 1 1 1 16 1 325 391 84 392 734 48 6417 381 737
0 5 1 1 1 16 1 325 391 84 392 734 48 6417 381 737
0 5 1 1 1 16 1 325 391 84 392 734 48 6417 381 737
0 5 1 1 1 16 1 325 391 84 392 734 48 6417 381 737
0 5 1 1 1 16 1 325 391 84 392 734 48 6417 381 737
0 5 1 1 1 16 1 325 391 84 392 734 48 6417 381 737
0 5 1 1 1 16 1 325 391 84 392 734 48 6417 381 737
0 5 1 1 1 16 1 325 391 84 392 734 48 6417 381 737
0 5 1 1 1 16 1 325 391 84 392 734 48 6417 381 737
0 5 1 1 1 16 1 325 391 84 392 734 48 6417 381 737
0 5 1 1 1 16 1 325 391 84 392 734 48 6417 381 737
0 5 1 1 1 16 1 325 391 84 392 734 48 6417 381 737
0 5 1 1 1 16 1 325 391 84 392 734 48 6417 381 737
0 5 1 1 1 16 1 325 391 84 392 734 48 6417 381 737
0 5 1 1 1 16 1 325 391 84 392 734 48 6417 381 737
0 5 1 1 1 16 1 325 391 84 392 734 48 6417 381 737
0 5 1 1 1 16 1 325 391 84 392 734 48 6417 381 737
0 5 1 1 1 16 1 325 391 84 392 734 48 6417 381 737
0 5 1 1 1 16 1 325 391 84 392 734 48 6417 381 737
0 5 1 1 1 16 1 325 391 84 392 734 48 6417 381 737
0 5 1 1 1 16 1 325 391 84 392 734 48 6417 381 737
0 5 1 1 1 16 1 325 391 84 392 734 48 6417 381 737
0 5 1 1 1 16 1 325 391 84 392 734 48 6417 381 737
0 5 1 1 1 16 1 325 391 84 392 734 48 6417 381 737
0 5 1 1 1 16 1 325 391 84 392 734 48 6417 381 737
0 5 1 1 1 16 1 325 391 84 392 734 48 6417 381 737
0 5 1 1 1 16 1 325 391 84 392 734 48 6417 381 737
0 5 1 1 1 16 1 325 391 84 392 734 48 6417 381 737
0 5 1 1 1 16 1 325 391 84 392 734 48 6417 381 737
0 5 1 1 1 16 1 325 391 84 392 734 48 6417 381 737
0 5 1 1 1 16 1 325 391 84 392 734 48 6417 381 737
0 5 1 1 1 16 1 325 391 84 392 734 48 6417 381 737
0 5 1 1 1 16 1 325 391 84 392 734 48 6417 381 737
0 5 1 1 1 16 1 325 391 84 392 734 48 6417 381 737
0 5 1 1 1 16 1 325 391 84 392 734 48 6417 381 737
0 5 1 1 1 16 1 325 391 84 392 734 48 6417 381 737
0 5 1 1 1 16 1 325 391 84 392 734 48 6417 381 737
0 5 1 1 1 16 1 325 391 84 392 734 48 6417 381 737
0 5 1 1 1 16 1 325 391 84 392 734 48 6417 381 737
0 5 1 1 1 16 1 325 391 84 392 734 48 6417 381 737
0 5 1 1 1 16 1 325 391 84 392 734 48 6417 381 737
0 5 1 1 1 16 1 325 391 84 392 734 48 6417 381 737
0 5 1 1 1 16 1 325 391 84 392 734 48 6417 381 737
0 5 1 1 1 16 1 325 391 84 392 734 48 6417 381 737
0 5 1 1 1 16 1 325 391 84 392 734 48 6417 381 737
0 5 1 1 1 16 1 325 391 84 392 734 48 6417 381 737
0 5 1 1 1 16 1 325 391 84 392 734 48 6417 381 737
0 5 1 1 1 16 1 325 391 84 392 734 48 6417 381 737
0 5 1 1 1 16 1 325 391 84 392 734 48 6417 381 737
0 5 1 1 1 16 1 325 391 84 392 734 48 6417 381 737
0 5 1 1 1 16 1 325 391 84 392 734 48 6417 381 737
0 5 1 1 1 16 1 325 391 84 392 734 48 6417 381 737
0 5 1 1 1 16 1 325 391 84 392 734 48 6417 381 737
0 5 1 1 1 16 1 325 391 84 392 734 48 6417 381 737
0 5 1 1 1 16 1 325 391 84 392 734 48 6417 381 737
0 5 1 1 1 16 1 325 391 84 392 734 48 6417 381 737
0 5 1 1 1 16 1 325 391 84 392 734 48 6417 381 737
0 5 1 1 1 16 1 325 391 84 392 734 48 6417 381 737
0 5 1 1 1 16 1 325 391 84 392 734 48 6417 381 737
0 5 1 1 1 16 1 325 391 84 392 734 48 6417 381 737
0 5 1 1 1 16 1 325 391 84 392 734 48 6417 381 737
0 5 1 1 1 16 1 325 391 84 392 734 48 6417 381 737
0 5 1 1 1 16 1 325 391 84 392 734 48 6417 381 737
0 5 1 1 1 16 1 325 391 84 392 734 48 6417 381 737
0 5 1 1 1 16 1 325 391 84 392 734 48 6417 381 737
0 5 1 1 1 16 1 325 391 84 392 734 48 6417 381 737
0 5 1 1 1 16 1 325 391 84 392 734 48 6417 381 737
0 5 1 1 1 16 1 325 391 84 392 734 48 6417 381 737
0 5 1 1 1 16 1 325 391 84 392 734 48 6417 381 737
0 5 1 1 1 16 1 325 391 84 392 734 48 6417 381 737
0 5 1 1 1 16 1 325 391 84 392 734 48 6417 381 737
0 5 1 1 1 16 1 325 391 84 392 734 48 6417 381 737
0 5 1 1 1 16 1 325 391 84 392 734 48 6417 381 737
0 5 1 1 1 16 1 325 391 84 392 734 48 6417 381 737
0 5 1 1 1 16 1 325 391 84 392 734 48 6417 381 737
0 5 1 1 1 16 1 325 391 84 392 734 48 6417 381 737
0 5 1 1 1 16 1 325 391 84 392 734 48 6417 381 737
0 5 1 1 1 16 1 325 391 84 392 734 48 6417 381 737
0 5 1 1 1 16 1 325 391 84 392 734 48 6417 381 737
0 5 1 1 1 16 1 325 391 84 392 734 48 6417 381 737
0 5 1 1 1 16 1 325 391 84 392 734 48 6417 381 737
0 5 1 1 1 16 1 325 391 84 392 734 48 6417 381 737
0 5 1 1 1 16 1 325 391 84 392 734 48 6417 381 737
0 5 1 1 1 16 2 325 392 734 516 108 48 4534 381 735
0 5 1 1 1 16 2 325 392 734 516 108 48 4534 381 735
0 5 1 1 1 16 2 325 392 734 516 108 48 4534 381 735
0 5 1 1 1 16 2 325 392 734 516 108 48 4534 381 735
0 5 1 1 1 16 2 325 392 734 516 108 48 4534 381 735
0 5 1 1 1 16 2 325 392 734 516 108 48 4534 381 735
0 5 1 1 1 16 2 325 392 734 516 108 48 4534 381 735
0 5 1 1 1 16 2 325 392 734 516 108 48 4534 381 735
0 5 1 1 1 16 2 325 392 734 516 108 48 4534 381 735
0 5 1 1 1 16 2 325 392 734 516 108 48 4534 381 735
0 5 1 1 1 16 2 325 392 734 516 108 48 4534 381 735
0 5 1 1 1 16 2 325 392 734 516 108 48 4534 381 735
0 5 1 1 1 16 2 325 392 734 516 108 48 4534 381 735
0 5 1 1 1 16 2 325 392 734 516 108 48 4534 381 735
0 5 1 1 1 16 2 325 392 734 516 108 48 4534 381 735
0 5 1 1 1 16 2 325 392 734 516 108 48 4534 381 735
0 5 1 1 1 16 2 325 392 734 516 108 48 4534 381 735
0 5 1 1 1 16 2 325 392 734 516 108 48 4534 381 735
0 5 1 1 1 16 2 325 392 734 516 108 48 4534 381 735
0 5 1 1 1 16 2 325 392 734 516 108 48 4534 381 735
0 5 1 1 1 16 2 325 392 734 516 108 48 4534 381 735
0 5 1 1 1 16 2 325 392 734 516 108 48 4534 381 735
0 5 1 1 1 16 2 325 392 734 516 108 48 4534 381 735
0 5 1 1 1 16 2 325 392 734 516 108 48 4534 381 735
0 5 1 1 1 16 2 325 392 734 516 108 48 4534 381 735
0 5 1 1 1 16 2 325 392 734 516 108 48 4534 381 735
0 5 1 1 1 16 2 325 392 734 516 108 48 4534 381 735
0 5 1 1 1 16 2 325 392 734 516 108 48 4534 381 735
0 5 1 1 1 16 2 325 392 734 516 108 48 4534 381 735
0 5 1 1 1 16 2 325 392 734 516 108 48 4534 381 735
0 5 1 1 1 16 2 325 392 734 516 108 48 4534 381 735
0 5 1 1 1 16 2 325 392 734 516 108 48 4534 381 735
0 5 1 1 1 16 2 325 392 734 516 108 48 4534 381 735
0 5 1 1 1 16 2 325 392 734 516 108 48 4534 381 735
0 5 1 1 1 16 2 325 392 734 516 108 48 4534 381 735
0 5 1 1 1 16 2 325 392 734 516 108 48 4534 381 735
0 5 1 1 1 16 2 325 392 734 516 108 48 4534 381 735
0 5 1 1 1 16 2 325 392 734 516 108 48 4534 381 735
0 5 1 1 1 16 2 325 392 734 516 108 48 4534 381 735
0 5 1 1 1 16 2 325 392 734 516 108 48 4534 381 735
0 5 1 1 1 16 2 325 392 734 516 108 48 4534 381 735
0 5 1 1 1 16 2 325 392 734 516 108 48 4534 381 735
0 5 1 1 1 16 2 325 392 734 516 108 48 4534 381 735
0 5 1 1 1 16 2 325 392 734 516 108 48 4534 381 735
0 5 1 1 1 16 2 325 392 734 516 108 48 4534 381 735
0 5 1 1 1 16 2 325 392 734 516 108 48 4534 381 735
0 5 1 1 1 16 2 325 392 734 516 108 48 4534 381 735
0 5 1 1 1 16 2 325 392 734 516 108 48 4534 381 732
0 5 1 1 1 16 2 325 392 734 516 108 48 4534 390 720
0 5 1 1 1 16 2 325 392 734 516 108 48 4534 397 710
0 5 1 1 1 16 2 325 392 734 516 108 48 4534 405 684
0 5 1 1 1 16 2 325 392 734 516 108 48 4534 408 670
0 5 1 1 1 16 2 325 392 734 516 108 48 4534 417 621
0 5 1 1 1 16 2 325 392 734 516 108 48 4534 418 614
0 5 1 1 1 16 2 325 392 734 516 108 48 4534 426 572
0 5 1 1 1 16 2 325 392 734 516 108 48 4534 432 543
0 5 1 1 1 16 2 325 392 734 516 108 48 4534 442 494
0 5 1 1 1 16 2 325 392 734 516 108 48 4534 449 456
0 5 1 1 1 16 2 325 392 734 516 108 48 4534 465 403
0 5 1 1 1 16 2 325 392 734 516 108 48 4534 474 365
0 5 1 1 1 16 2 325 392 734 516 108 48 4534 492 287
0 5 1 1 1 16 2 325 392 734 516 108 48 4534 498 265
0 5 1 1 1 16 2 325 392 734 516 108 48 4534 507 243
0 5 1 1 1 16 2 325 392 734 516 108 48 4534 507 241
0 5 1 1 1 16 2 325 392 734 516 108 48 4534 507 241
0 5 1 1 1 16 2 325 392 734 516 108 48 4534 507 241
0 5 1 1 1 16 2 325 392 734 516 108 48 4534 507 241
0 5 1 1 1 16 2 325 392 734 516 108 48 4534 507 241
0 5 1 1 1 16 2 325 392 734 516 108 48 4534 507 241
0 5 1 1 1 16 2 325 392 734 516 108 48 4534 507 241
0 5 1 1 1 16 2 325 392 734 516 108 48 4534 507 241
0 5 1 1 1 16 2 325 392 734 516 108 48 4534 508 239
0 5 1 1 1 16 2 325 392 734 516 108 48 4534 511 222
0 5 1 1 1 16 2 325 392 734 516 108 48 4534 513 199
0 5 1 1 1 16 2 325 392 734 516 108 48 4534 515 169
0 5 1 1 1 16 2 325 392 734 516 108 48 4534 517 153
0 5 1 1 1 16 2 325 392 734 516 108 48 4534 520 130
0 5 1 1 1 16 2 325 392 734 516 108 48 4534 521 127
0 5 1 1 1 16 2 325 392 734 516 108 48 4534 521 124
0 5 1 1 1 16 2 325 392 734 516 108 48 4534 521 123
0 5 1 1 1 16 2 325 392 734 516 108 48 4534 521 123
0 5 1 1 1 16 2 325 392 734 516 108 48 4534 521 122
0 5 1 1 1 16 2 325 392 734 516 108 48 4534 521 122
0 5 1 1 1 16 2 325 392 734 516 108 48 4534 521 122
0 5 1 1 1 16 2 325 392 734 516 108 48 4534 521 122
0 5 1 1 1 16 2 325 392 734 516 108 48 4534 521 122
0 5 1 1 1 16 2 325 392 734 516 108 48 4534 521 122
0 5 1 1 1 16 2 325 392 734 516 108 48 4534 521 120
0 5 1 1 1 16 2 325 392 734 516 108 48 4534 521 119
0 5 1 1 1 16 2 325 392 734 516 108 48 4534 521 118
0 5 1 1 1 16 2 325 392 734 516 108 48 4534 521 118
0 5 1 1 1 16 2 325 392 734 516 108 48 4534 521 118
0 5 1 1 1 16 2 325 392 734 516 108 48 4534 521 118
0 5 1 1 1 16 2 325 392 734 516 108 48 4534 521 118
0 5 1 1 1 16 2 325 392 734 516 108 48 4534 521 118
0 5 1 1 1 16 2 325 392 734 516 108 48 4534 521 118
0 5 1 1 1 16 2 325 392 734 516 108 48 4534 521 118
0 5 1 1 1 16 2 325 392 734 516 108 48 4534 521 118
0 5 1 1 1 16 2 325 392 734 516 108 48 4534 521 118
0 5 1 1 1 16 2 325 392 734 516 108 48 4534 521 118
0 5 1 1 1 16 2 325 392 734 516 108 48 4534 521 118
0 5 1 1 1 16 2 325 392 734 516 108 48 4534 521 118
0 5 1 1 1 16 2 325 392 734 516 108 48 4534 521 118
0 5 1 1 1 16 2 325 392 734 516 108 48 4534 521 118
0 5 1 1 1 16 2 325 392 734 516 108 48 4534 521 118
0 5 1 1 1 16 2 325 392 734 516 108 48 4534 521 118
0 5 1 1 1 16 2 325 392 734 516 108 48 4534 521 118
0 5 1 1 1 16 2 325 392 734 516 108 48 4534 521 118
0 5 1 1 1 16 2 325 392 734 516 108 48 4534 521 118
0 5 1 1 1 16 2 325 392 734 516 108 48 4534 521 118
0 5 1 1 1 16 2 325 392 734 516 108 48 4534 521 118
0 5 1 1 1 16 2 325 392 734 516 108 48 4534 521 118
0 5 1 1 1 16 2 325 392 734 516 108 48 4534 521 118
0 5 1 1 1 16 2 325 392 734 516 108 48 4534 521 118
0 5 1 1 1 16 2 325 392 734 516 108 48 4534 521 118
0 5 1 1 1 16 2 325 392 734 516 108 48 4534 521 118
0 5 1 1 1 16 2 325 392 734 516 108 48 4534 521 118
0 5 1 1 1 16 2 325 392 734 516 108 48 4534 521 118
0 5 1 1 1 16 2 325 392 734 516 108 48 4534 521 118
0 5 1 1 1 16 2 325 392 734 516 108 48 4534 521 118
0 5 1 1 1 16 2 325 392 734 516 108 48 4534 521 118
0 5 1 1 1 16 2 325 392 734 516 108 48 4534 521 118
0 5 1 1 1 16 2 325 392 734 516 108 48 4534 521 118
0 5 1 1 1 16 2 325 392 734 516 108 48 4534 521 118
0 5 1 1 1 16 2 325 392 734 516 108 48 4534 521 118
0 5 1 1 1 16 2 325 392 734 516 108 48 4534 521 118
0 5 1 1 1 16 2 325 392 734 516 108 48 4534 521 118
0 5 1 1 1 16 2 325 392 734 516 108 48 4534 521 118
0 5 1 1 1 16 2 325 392 734 516 108 48 4534 521 118
0 5 1 1 1 16 2 325 392 734 516 108 48 4534 521 118
0 5 1 1 1 16 2 325 392 734 516 108 48 4534 521 118
0 5 1 1 1 16 2 325 392 734 516 108 48 4534 521 118
0 5 1 1 1 16 2 325 392 734 516 108 48 4534 521 118
0 5 1 1 1 16 2 325 392 734 516 108 48 4534 521 118
0 5 1 1 1 16 2 325 392 734 516 108 48 4534 521 118
0 5 1 1 1 16 2 325 392 734 516 108 48 4534 521 118
0 5 1 1 1 16 2 325 392 734 516 108 48 4534 521 118
0 5 1 1 1 16 2 325 392 734 516 108 48 4534 521 118
0 5 1 1 1 16 2 325 392 734 516 108 48 4534 521 118
0 5 1 1 1 16 2 325 392 734 516 108 48 4534 521 118
0 5 1 1 1 16 2 325 392 734 516 108 48 4534 521 118
0 5 1 1 1 16 2 325 392 734 516 108 48 4534 521 118
0 5 1 1 1 16 2 325 392 734 516 108 48 4534 521 118
0 5 1 1 1 16 2 325 392 734 516 108 48 4534 521 118
0 5 1 1 1 16 2 325 392 734 516 108 48 4534 521 118
0 5 1 1 1 16 2 325 392 734 516 108 48 4534 521 118
0 5 1 1 1 16 2 325 392 734 516 108 48 4534 521 118
0 5 1 1 1 16 2 325 392 734 516 108 48 4534 521 118
0 5 1 1 1 16 2 325 392 734 516 108 48 4534 521 118
0 5 1 1 1 16 2 325 392 734 516 108 48 4534 521 118
0 5 1 1 1 16 2 325 392 734 516 108 48 4534 521 118
0 5 1 1 1 16 2 325 392 734 516 108 48 4534 521 118
0 5 1 1 1 16 2 325 392 734 516 108 48 4534 521 118
0 5 1 1 1 16 2 325 392 734 516 108 48 4534 521 118
0 5 1 1 1 16 2 325 392 734 516 108 48 4534 521 118
0 5 1 1 1 16 2 325 392 734 516 108 48 4534 521 118
0 5 1 1 1 16 2 325 392 734 516 108 48 4534 521 118
0 5 1 1 1 16 2 325 392 734 516 108 48 4534 521 118
0 5 1 1 1 16 2 325 392 734 516 108 48 4534 521 118
0 5 1 1 1 16 2 325 392 734 516 108 48 4534 521 118
0 5 1 1 1 16 2 325 392 734 516 108 48 4534 521 118
0 5 1 1 1 16 2 325 392 734 516 108 48 4534 521 118
0 5 1 1 1 16 2 325 392 734 516 108 48 4534 521 118
0 5 1 1 1 16 2 325 392 734 516 108 48 4534 521 118
0 5 1 1 1 16 2 325 392 734 516 108 48 4534 521 118
0 5 1 1 1 16 2 325 392 734 516 108 48 4534 521 118
0 5 1 1 1 16 2 325 392 734 516 108 48 4534 521 118
0 5 1 1 1 16 2 325 392 734 516 108 48 4534 521 118
0 5 1 1 1 16 2 325 392 734 516 108 48 4534 521 118
0 5 1 1 1 16 2 325 392 734 516 108 48 4534 521 118
0 5 1 1 1 16 2 325 392 734 516 108 48 4534 521 118
0 5 1 1 1 16 2 325 392 734 516 108 48 4534 521 118
0 5 1 1 1 16 2 325 392 734 516 108 48 4534 521 118
0 5 1 1 1 16 2 325 392 734 516 108 48 4534 521 118
0 5 1 1 1 16 2 325 392 734 516 108 48 4534 521 118
0 5 1 1 1 16 2 325 392 734 516 108 48 4534 521 118
0 5 1 1 1 16 2 325 392 734 516 108 48 4534 521 118
0 5 1 1 1 16 2 325 392 734 516 108 48 4534 521 118
0 5 1 1 1 16 2 325 392 734 516 108 48 4534 521 118
0 5 1 1 1 16 2 325 392 734 516 108 48 4534 521 118
0 5 1 1 1 16 2 325 392 734 516 108 48 4534 521 118
0 5 1 1 1 16 3 325 516 108 267 709 48 4942 521 118
0 5 1 1 1 16 3 325 516 108 267 709 48 4942 521 118
0 5 1 1 1 16 3 325 516 108 267 709 48 4942 521 118
0 5 1 1 1 16 3 325 516 108 267 709 48 4942 521 118
0 5 1 1 1 16 3 325 516 108 267 709 48 4942 521 118
0 5 1 1 1 16 3 325 516 108 267 709 48 4942 521 118
0 5 1 1 1 16 3 325 516 108 267 709 48 4942 521 118
0 5 1 1 1 16 3 325 516 108 267 709 48 4942 521 118
0 5 1 1 1 16 3 325 516 108 267 709 48 4942 521 118
0 5 1 1 1 16 3 325 516 108 267 709 48 4942 521 118
0 5 1 1 1 16 3 325 516 108 267 709 48 4942 521 118
0 5 1 1 1 16 3 325 516 108 267 709 48 4942 521 118
0 5 1 1 1 16 3 325 516 108 267 709 48 4942 521 118
0 5 1 1 1 16 3 325 516 108 267 709 48 4942 521 118
0 5 1 1 1 16 3 325 516 108 267 709 48 4942 520 119
0 5 1 1 1 16 3 325 516 108 267 709 48 4942 509 131
0 5 1 1 1 16 3 325 516 108 267 709 48 4942 501 137
0 5 1 1 1 16 3 325 516 108 267 709 48 4942 485 159
0 5 1 1 1 16 3 325 516 108 267 709 48 4942 475 175
0 5 1 1 1 16 3 325 516 108 267 709 48 4942 449 211
0 5 1 1 1 16 3 325 516 108 267 709 48 4942 438 224
0 5 1 1 1 16 3 325 516 108 267 709 48 4942 413 252
0 5 1 1 1 16 3 325 516 108 267 709 48 4942 405 259
0 5 1 1 1 16 3 325 516 108 267 709 48 4942 384 281
0 5 1 1 1 16 3 325 516 108 267 709 48 4942 384 283
0 5 1 1 1 16 3 325 516 108 267 709 48 4942 384 283
0 5 1 1 1 16 3 325 516 108 267 709 48 4942 384 283
0 5 1 1 1 16 3 325 516 108 267 709 48 4942 384 283
0 5 1 1 1 16 3 325 516 108 267 709 48 4942 384 283
0 5 1 1 1 16 3 325 516 108 267 709 48 4942 384 283
0 5 1 1 1 16 3 325 516 108 267 709 48 4942 384 283
0 5 1 1 1 16 3 325 516 108 267 709 48 4942 384 283
0 5 1 1 1 16 3 325 516 108 267 709 48 4942 384 283
0 5 1 1 1 16 3 325 516 108 267 709 48 4942 362 297
0 5 1 1 1 16 3 325 516 108 267 709 48 4942 345 312
0 5 1 1 1 16 3 325 516 108 267 709 48 4942 331 327
0 5 1 1 1 16 3 325 516 108 267 709 48 4942 324 333
0 5 1 1 1 16 3 325 516 108 267 709 48 4942 303 357
0 5 1 1 1 16 3 325 516 108 267 709 48 4942 295 368
0 5 1 1 1 16 3 325 516 108 267 709 48 4942 282 386
0 5 1 1 1 16 3 325 516 108 267 709 48 4942 282 386
0 5 1 1 1 16 3 325 516 108 267 709 48 4942 282 386
0 5 1 1 1 16 3 325 516 108 267 709 48 4942 282 386
0 5 1 1 1 16 3 325 516 108 267 709 48 4942 282 386
0 5 1 1 1 16 3 325 516 108 267 709 48 4942 282 386
0 5 1 1 1 16 3 325 516 108 267 709 48 4942 282 386
0 5 1 1 1 16 3 325 516 108 267 709 48 4942 282 386
0 5 1 1 1 16 3 325 516 108 267 709 48 4942 282 386
0 5 1 1 1 16 3 325 516 108 267 709 48 4942 282 386
0 5 1 1 1 16 3 325 516 108 267 709 48 4942 282 394
0 5 1 1 1 16 3 325 516 108 267 709 48 4942 282 408
0 5 1 1 1 16 3 325 516 108 267 709 48 4942 282 428
0 5 1 1 1 16 3 325 516 108 267 709 48 4942 281 447
0 5 1 1 1 16 3 325 516 108 267 709 48 4942 278 474
0 5 1 1 1 16 3 325 516 108 267 709 48 4942 278 486
0 5 1 1 1 16 3 325 516 108 267 709 48 4942 275 512
0 5 1 1 1 16 3 325 516 108 267 709 48 4942 274 514
0 5 1 1 1 16 3 325 516 108 267 709 48 4942 274 514
0 5 1 1 1 16 3 325 516 108 267 709 48 4942 274 514
0 5 1 1 1 16 3 325 516 108 267 709 48 4942 274 514
0 5 1 1 1 16 3 325 516 108 267 709 48 4942 274 514
0 5 1 1 1 16 3 325 516 108 267 709 48 4942 274 514
0 5 1 1 1 16 3 325 516 108 267 709 48 4942 274 514
0 5 1 1 1 16 3 325 516 108 267 709 48 4942 274 514
0 5 1 1 1 16 3 325 516 108 267 709 48 4942 274 514
0 5 1 1 1 16 3 325 516 108 267 709 48 4942 273 521
0 5 1 1 1 16 3 325 516 108 267 709 48 4942 272 537
0 5 1 1 1 16 3 325 516 108 267 709 48 4942 272 561
0 5 1 1 1 16 3 325 516 108 267 709 48 4942 275 597
0 5 1 1 1 16 3 325 516 108 267 709 48 4942 276 616
0 5 1 1 1 16 3 325 516 108 267 709 48 4942 278 643
0 5 1 1 1 16 3 325 516 108 267 709 48 4942 278 654
0 5 1 1 1 16 3 325 516 108 267 709 48 4942 277 657
0 5 1 1 1 16 3 325 516 108 267 709 48 4942 277 657
0 5 1 1 1 16 3 325 516 108 267 709 48 4942 277 657
0 5 1 1 1 16 3 325 516 108 267 709 48 4942 277 657
0 5 1 1 1 16 3 325 516 108 267 709 48 4942 277 657
0 5 1 1 1 16 3 325 516 108 267 709 48 4942 277 657
0 5 1 1 1 16 3 325 516 108 267 709 48 4942 277 657
0 5 1 1 1 16 3 325 516 108 267 709 48 4942 277 657
0 5 1 1 1 16 3 325 516 108 267 709 48 4942 277 657
0 5 1 1 1 16 3 325 516 108 267 709 48 4942 277 658
0 5 1 1 1 16 3 325 516 108 267 709 48 4942 276 661
0 5 1 1 1 16 3 325 516 108 267 709 48 4942 275 666
0 5 1 1 1 16 3 325 516 108 267 709 48 4942 275 671
0 5 1 1 1 16 3 325 516 108 267 709 48 4942 275 672
0 5 1 1 1 16 3 325 516 108 267 709 48 4942 275 674
0 5 1 1 1 16 3 325 516 108 267 709 48 4942 274 675
0 5 1 1 1 16 3 325 516 108 267 709 48 4942 274 678
0 5 1 1 1 16 3 325 516 108 267 709 48 4942 273 680
0 5 1 1 1 16 3 325 516 108 267 709 48 4942 273 682
0 5 1 1 1 16 3 325 516 108 267 709 48 4942 273 683
0 5 1 1 1 16 3 325 516 108 267 709 48 4942 272 686
0 5 1 1 1 16 3 325 516 108 267 709 48 4942 272 688
0 5 1 1 1 16 3 325 516 108 267 709 48 4942 272 690
0 5 1 1 1 16 3 325 516 108 267 709 48 4942 271 691
0 5 1 1 1 16 3 325 516 108 267 709 48 4942 271 692
0 5 1 1 1 16 3 325 516 108 267 709 48 4942 270 693
0 5 1 1 1 16 3 325 516 108 267 709 48 4942 270 697
0 5 1 1 1 16 3 325 516 108 267 709 48 4942 270 698
0 5 1 1 1 16 3 325 516 108 267 709 48 4942 270 699
0 5 1 1 1 16 3 325 516 108 267 709 48 4942 270 701
0 5 1 1 1 16 3 325 516 108 267 709 48 4942 270 703
0 5 1 1 1 16 3 325 516 108 267 709 48 4942 270 703
0 5 1 1 1 16 3 325 516 108 267 709 48 4942 270 703
0 5 1 1 1 16 3 325 516 108 267 709 48 4942 270 703
0 5 1 1 1 16 3 325 516 108 267 709 48 4942 270 703
0 5 1 1 1 16 3 325 516 108 267 709 48 4942 270 703
0 5 1 1 1 16 3 325 516 108 267 709 48 4942 270 703
0 5 1 1 1 16 3 325 516 108 267 709 48 4942 270 703
0 5 1 1 1 16 3 325 516 108 267 709 48 4942 270 703
0 5 1 1 1 16 3 325 516 108 267 709 48 4942 270 703
0 5 1 1 1 16 3 325 516 108 267 709 48 4942 270 703
0 5 1 1 1 16 3 325 516 108 267 709 48 4942 270 703
0 5 1 1 1 16 3 325 516 108 267 709 48 4942 270 703
0 5 1 1 1 16 3 325 516 108 267 709 48 4942 270 703
0 5 1 1 1 16 3 325 516 108 267 709 48 4942 270 703
0 5 1 1 1 16 3 325 516 108 267 709 48 4942 270 703
0 5 1 1 1 16 3 325 516 108 267 709 48 4942 270 703
0 5 1 1 1 16 3 325 516 108 267 709 48 4942 270 703
0 5 1 1 1 16 3 325 516 108 267 709 48 4942 270 703
0 5 1 1 1 16 3 325 516 108 267 709 48 4942 270 703
0 5 1 1 1 16 3 325 516 108 267 709 48 4942 270 703
0 5 1 1 1 16 3 325 516 108 267 709 48 4942 270 703
0 5 1 1 1 16 3 325 516 108 267 709 48 4942 270 703
0 5 1 1 1 16 3 325 516 108 267 709 48 4942 270 703
0 5 1 1 1 16 3 325 516 108 267 709 48 4942 270 703
0 5 1 1 1 16 3 325 516 108 267 709 48 4942 270 703
0 5 1 1 1 16 3 325 516 108 267 709 48 4942 270 703
0 5 1 1 1 16 3 325 516 108 267 709 48 4942 270 703
0 5 1 1 1 16 3 325 516 108 267 709 48 4942 270 703
0 5 1 1 1 16 3 325 516 108 267 709 48 4942 270 703
0 5 1 1 1 16 3 325 516 108 267 709 48 4942 270 703
0 5 1 1 1 16 3 325 516 108 267 709 48 4942 270 703
0 5 1 1 1 16 3 325 516 108 267 709 48 4942 270 703
0 5 1 1 1 16 3 325 516 108 267 709 48 4942 270 703
0 5 1 1 1 16 3 325 516 108 267 709 48 4942 270 703
0 5 1 1 1 16 3 325 516 108 267 709 48 4942 270 703
0 5 1 1 1 16 3 325 516 108 267 709 48 4942 270 703
0 5 1 1 1 16 3 325 516 108 267 709 48 4942 270 703
0 5 1 1 1 16 3 325 516 108 267 709 48 4942 270 703
0 5 1 1 1 16 3 325 516 108 267 709 48 4942 270 703
0 5 1 1 1 16 3 325 516 108 267 709 48 4942 270 703
0 5 1 1 1 16 3 325 516 108 267 709 48 4942 270 703
0 5 1 1 1 16 3 325 516 108 267 709 48 4942 270 703
0 5 1 1 1 16 3 325 516 108 267 709 48 4942 270 703
0 5 1 1 1 16 3 325 516 108 267 709 48 4942 270 703
0 5 1 1 1 16 3 325 516 108 267 709 48 4942 270 703
0 5 1 1 1 16 3 325 516 108 267 709 48 4942 270 703
0 5 1 1 1 16 3 325 516 108 267 709 48 4942 270 703
0 5 1 1 1 16 3 325 516 108 267 709 48 4942 270 703
0 5 1 1 1 16 3 325 516 108 267 709 48 4942 270 703
0 5 1 1 1 16 3 325 516 108 267 709 48 4942 270 703
0 5 1 1 1 16 3 325 516 108 267 709 48 4942 270 703
0 5 1 1 1 16 3 325 516 108 267 709 48 4942 270 703
0 5 1 1 1 16 3 325 516 108 267 709 48 4942 270 703
0 5 1 1 1 16 3 325 516 108 267 709 48 4942 270 703
0 5 1 1 1 16 3 325 516 108 267 709 48 4942 270 703
0 5 1 1 1 16 3 325 516 108 267 709 48 4942 270 703
0 5 1 1 1 16 3 325 516 108 267 709 48 4942 270 703
0 5 1 1 1 16 3 325 516 108 267 709 48 4942 270 703
0 5 1 1 1 16 3 325 516 108 267 709 48 4942 270 703
0 5 1 1 1 16 3 325 516 108 267 709 48 4942 270 703
0 5 1 1 1 16 3 325 516 108 267 709 48 4942 270 703
0 5 1 1 1 16 3 325 516 108 267 709 48 4942 270 703
0 5 1 1 1 16 3 325 516 108 267 709 48 4942 270 703
0 5 1 1 1 16 3 325 516 108 267 709 48 4942 270 703
0 5 1 1 1 16 3 325 516 108 267 709 48 4942 270 703
0 5 1 1 1 16 3 325 516 108 267 709 48 4942 270 703
0 5 1 1 1 16 3 325 516 108 267 709 48 4942 270 703
0 5 1 1 1 16 3 325 516 108 267 709 48 4942 270 703
0 5 1 1 1 16 3 325 516 108 267 709 48 4942 270 703
0 5 1 1 1 16 3 325 516 108 267 709 48 4942 270 703
0 5 1 1 1 16 3 325 516 108 267 709 48 4942 270 703
0 5 1 1 1 16 3 325 516 108 267 709 48 4942 270 703
0 5 1 1 1 16 3 325 516 108 267 709 48 4942 270 703
0 5 1 1 1 16 3 325 516 108 267 709 48 4942 270 703
0 5 1 1 1 16 3 325 516 108 267 709 48 4942 270 703
0 5 1 1 1 16 3 325 516 108 267 709 48 4942 270 703
0 5 1 1 1 16 3 325 516 108 267 709 48 4942 270 703
0 5 1 1 1 16 3 325 516 108 267 709 48 4942 270 703
0 5 1 1 1 16 3 325 516 108 267 709 48 4942 270 703
0 5 1 1 1 16 3 325 516 108 267 709 48 4942 270 703
0 5 1 1 1 16 3 325 516 108 267 709 48 4942 270 703
0 5 1 1 1 16 3 325 516 108 267 709 48 4942 270 703
0 5 1 1 1 16 3 325 516 108 267 709 48 4942 270 703
0 5 1 1 1 16 3 325 516 108 267 709 48 4942 270 703
0 5 1 1 1 16 3 325 516 108 267 709 48 4942 270 703
0 5 1 1 1 16 3 325 516 108 267 709 48 4942 270 703
0 5 1 1 1 16 3 325 516 108 267 709 48 4942 270 703
0 5 1 1 1 16 3 325 516 108 267 709 48 4942 270 703
0 5 1 1 1 16 3 325 516 108 267 709 48 4942 270 703
0 5 1 1 1 16 3 325 516 108 267 709 48 4942 270 703
0 5 1 1 1 16 3 325 516 108 267 709 48 4942 270 703
0 5 1 1 1 16 3 325 516 108 267 709 48 4942 270 703
0 5 1 1 1 16 3 325 516 108 267 709 48 4942 270 703
0 5 1 1 1 16 3 325 516 108 267 709 48 4942 270 703
0 5 1 1 1 16 3 325 516 108 267 709 48 4942 270 703
